0 , -31535786
0 , -1808014128
0 , -1532968823
0 , -688160519
0 , 889801067
0 , 1469776920
0 , -1369157293
0 , 1456415480
0 , 702038326
0 , -1092799523
0 , 410101170
0 , 1928371452
0 , 1445746140
0 , -602599534
0 , 1248586351
0 , 591729394
0 , 1223245066
0 , 1030570276
0 , 883489528
0 , -1179200696
0 , 1677176853
0 , -262958273
0 , 513587884
0 , -1520411372
0 , -832626882
0 , -1542046656
0 , -414144485
0 , 44663994
0 , -873089163
0 , 1100845497
0 , 1478854540
0 , -787624147
0 , -511516354
0 , -1162729132
0 , -844770041
1 , -32584362
1 , -1808014128
1 , -1532968831
1 , -688160519
1 , 889801067
1 , 1469776920
1 , -1369157293
1 , 1456415480
1 , 702038326
1 , -1629670435
1 , 410101170
1 , 1928371448
1 , 1445746140
1 , -602599534
1 , 1248586351
1 , 591729394
1 , 1223245578
1 , 1030570276
1 , 883456248
1 , -1179200568
1 , 1677176853
1 , -262958273
1 , 513587884
1 , -1520411372
1 , -832626882
1 , -1542046656
1 , -414144485
1 , 44663994
1 , -873089163
1 , 1100845497
1 , 1478854540
1 , -787624147
1 , -511516354
1 , -1162737324
1 , -844770041
2 , -31535786
2 , -1808014128
2 , -1532968831
2 , -688160519
2 , 889801067
2 , 1469776920
2 , -1369157293
2 , 1456415480
2 , 702038326
2 , -1629670435
2 , 410101170
2 , 1928371452
2 , 1445746140
2 , -602599534
2 , 1248586351
2 , 591729394
2 , 1223245066
2 , 1030570276
2 , 883489016
2 , -1179200696
2 , 1677176853
2 , -262958273
2 , 513587884
2 , -1520411372
2 , -832626882
2 , -1542046656
2 , -414144485
2 , 44663994
2 , -873089163
2 , 1100845497
2 , 1478854540
2 , -787624147
2 , -511516354
2 , -1162729132
2 , -844770041
3 , -32584362
3 , -734272304
3 , -1532968831
3 , -688160517
3 , 889801067
3 , 1469776920
3 , -1369157293
3 , 1456415480
3 , 702038326
3 , -1629670499
3 , 410101170
3 , 1928369404
3 , 1445746140
3 , -602599534
3 , 1248586351
3 , 591729394
3 , 1223245578
3 , 1030570276
3 , 883456252
3 , -1179200696
3 , 1677176853
3 , -262958273
3 , 513587884
3 , -1520411372
3 , -866181314
3 , -1542046656
3 , -414144485
3 , 44663994
3 , -873089163
3 , 1100845497
3 , 1478854540
3 , -787624147
3 , -511516354
3 , 984754516
3 , -844770041
4 , -31535786
4 , -1808014128
4 , -1532968831
4 , -688160519
4 , 889801067
4 , 1469776920
4 , -1369157293
4 , 1456415480
4 , 702038326
4 , -1629670435
4 , 410101170
4 , 1928371452
4 , 1445746140
4 , -602599534
4 , 1248586351
4 , 591729394
4 , 1223245066
4 , 1030570276
4 , 883489016
4 , -1179331768
4 , 1677176853
4 , -262958273
4 , 513587884
4 , -1520411372
4 , -832626882
4 , -1542046656
4 , -414144485
4 , 44663994
4 , -873089163
4 , 1100845497
4 , 1478854540
4 , -787624147
4 , -511516353
4 , -1162696364
4 , -844770041
5 , 398116145
5 , -1848104782
5 , -1702383208
5 , 85611141
5 , -1226215388
5 , 1401866527
5 , -235248744
5 , 1705235758
5 , -1955237423
5 , 710761053
5 , -2046062253
5 , -282342364
5 , 658106308
5 , -8706068
5 , 1631311215
5 , 1623308965
5 , -1093312035
5 , 1732950583
5 , 1863810528
5 , 1887809229
5 , 1699876502
5 , 761780798
5 , -2077044635
5 , -387096732
5 , -200333274
5 , -590882798
5 , -2039713302
5 , 1087891576
5 , 2126962343
5 , 375550699
5 , -702964207
5 , -805946725
5 , -1948755213
5 , -973702393
5 , -528361632
6 , -32584362
6 , -1808014128
6 , -1532968831
6 , -688160519
6 , 889801003
6 , 1469776920
6 , -1369149101
6 , 1456415480
6 , 701514038
6 , -1629670435
6 , 1483843506
6 , 1928371452
6 , 1445746140
6 , -602599534
6 , 1248586351
6 , 591729394
6 , 1223245578
6 , 1030570276
6 , 883456248
6 , -1179200696
6 , 1677176917
6 , -262958273
6 , 513587884
6 , -1520411372
6 , -832626882
6 , -1542046656
6 , -414144485
6 , 44663994
6 , -873089163
6 , 1100846009
6 , 1478854540
6 , -787624145
6 , -511516354
6 , -1162731180
6 , -844770041
7 , -32584366
7 , -1808014128
7 , -1532968831
7 , -688160519
7 , 889801067
7 , 1469776920
7 , -1369157293
7 , 1456419576
7 , 702038326
7 , -1629670435
7 , 408004018
7 , 1928371452
7 , 1445746140
7 , -602599534
7 , 1248586351
7 , 591729394
7 , 1223245578
7 , 1030570276
7 , 883456248
7 , -1179200704
7 , 1677176853
7 , 1884525375
7 , 513587876
7 , 627072276
7 , -832626914
7 , -1542046656
7 , -414144485
7 , 44663994
7 , -873089163
7 , 1100845497
7 , 1478854540
7 , -787624147
7 , -1048387266
7 , -1162729132
7 , -844770041
8 , 398116145
8 , -1848104782
8 , -1702383208
8 , 85611141
8 , -1226215388
8 , 1401866527
8 , -235246696
8 , 1705235758
8 , -1955237423
8 , 710761053
8 , -2046062253
8 , -282342364
8 , 658106308
8 , -8706068
8 , 1631311215
8 , 1623308973
8 , -1093312163
8 , 1732950583
8 , 1863810528
8 , 1891733197
8 , 1699876502
8 , 761780798
8 , -2077044635
8 , -387096732
8 , -200333274
8 , -590882790
8 , -2039713302
8 , 1087891576
8 , 2126962343
8 , 375550699
8 , -702964207
8 , -805946725
8 , -1948755213
8 , -973702393
8 , -1602103968
9 , -32584366
9 , -1808014128
9 , -1532968831
9 , -688160519
9 , 889801067
9 , 1469776920
9 , -1369157293
9 , 1456419576
9 , 702038326
9 , -1629670435
9 , 408004018
9 , 1928371452
9 , 1445746140
9 , -602599534
9 , 1248586351
9 , 591729394
9 , 1223245578
9 , 1030570276
9 , 883456248
9 , -1179200696
9 , 1677176853
9 , 1884525375
9 , 513587884
9 , 627072276
9 , -832626914
9 , -1542046656
9 , -414144485
9 , 44663994
9 , -873089163
9 , 1100845497
9 , 1478854540
9 , -787624147
9 , -511516354
9 , -1162729132
9 , -844770041
10 , -809975614
10 , -1716049505
10 , -160689300
10 , 1174129220
10 , 763946018
10 , 275582124
10 , -1116353453
10 , 1691592237
10 , 1094923813
10 , 636450455
10 , 1699272044
10 , 709490461
10 , -273482718
10 , 595191952
10 , -1822571990
10 , 2059191781
10 , -1811544401
10 , -39055690
10 , -1579964588
10 , 183309359
10 , -1684919999
10 , -321106723
10 , 1703040152
10 , -1074889783
10 , -146385569
10 , -504356671
10 , 1528270801
10 , -1354952658
10 , 1126357210
10 , 860522463
10 , 1237598510
10 , -1777161346
10 , -1076125866
10 , 1739256536
10 , -1811787662
11 , -32584358
11 , -1808014128
11 , -1532968831
11 , -688160519
11 , 889801067
11 , 1469776920
11 , -1369157293
11 , 1456419576
11 , 702038326
11 , -1629670435
11 , 408004018
11 , 1928371452
11 , 1445746140
11 , -602599534
11 , 1248586351
11 , 591729394
11 , 1223245706
11 , 1030570276
11 , 882931960
11 , -1179200696
11 , 1677176853
11 , 1884525375
11 , 513587884
11 , 627072276
11 , -832626914
11 , -1542046656
11 , -414144485
11 , 44663994
11 , -873089163
11 , 1100845497
11 , 1478854540
11 , -787624147
11 , -511516354
11 , -1162729132
11 , -844770041
12 , -811024186
12 , -1711855137
12 , -698084484
12 , 1190906436
12 , 763946018
12 , 275582124
12 , -1116353453
12 , 1691592237
12 , 1094923813
12 , 619673239
12 , 1699272013
12 , 709490461
12 , -273483742
12 , 326757520
12 , -1822571862
12 , 2059191781
12 , -1806956881
12 , -39055818
12 , -1579964588
12 , 184356907
12 , -1149097659
12 , -321106723
12 , 1703072952
12 , -1091666999
12 , -146385569
12 , -505400639
12 , 1511493585
12 , -1354952658
12 , 1193466074
12 , 860522463
12 , 1220822318
12 , -1777161346
12 , -1076125866
12 , 1739256536
12 , -1811787662
13 , -811015994
13 , -1716049441
13 , -161197202
13 , 1207683652
13 , 763913250
13 , 275582124
13 , -1133130669
13 , 1691854381
13 , 1094923941
13 , 636450455
13 , 1699272044
13 , 709490525
13 , -273491934
13 , 590997648
13 , -1822571974
13 , 2059191781
13 , -1806956881
13 , 2108427830
13 , -1579964592
13 , 183309371
13 , -1684919995
13 , -322155299
13 , 1703597240
13 , -1074889783
13 , -146377377
13 , -505401151
13 , 1528270801
13 , -1354952658
13 , 1126357466
13 , 860522335
13 , -926662354
13 , -1772967042
13 , -1344553130
13 , 1739256536
13 , -1270722446
14 , -811024186
14 , -1711855137
14 , -161195154
14 , 1207683652
14 , 763946018
14 , 275582124
14 , -1133130670
14 , 1691854381
14 , 1094923821
14 , 636450455
14 , 1695077740
14 , 709490525
14 , -273483742
14 , 590997648
14 , -1822571990
14 , 951895525
14 , -1807481169
14 , 2108427838
14 , -1579964592
14 , 183309355
14 , -1684919995
14 , -321106723
14 , 1703072952
14 , -1074889783
14 , -146385569
14 , -505401151
14 , 1595379665
14 , -1354952658
14 , 1126357466
14 , 860522463
14 , 1220821038
14 , -1772967042
14 , -1076125868
14 , 1739256536
14 , -1811787662
15 , 1336459478
15 , -1716049445
15 , -161213588
15 , 1207683652
15 , 755557410
15 , 275582124
15 , -1116353325
15 , 1691592237
15 , 1094923815
15 , -1511033193
15 , 1699272044
15 , 709424925
15 , -273483726
15 , 595191952
15 , -1822571990
15 , 2059191783
15 , -1806956881
15 , -39055818
15 , -1579964592
15 , 183309355
15 , -1684928251
15 , -321106723
15 , 1703071928
15 , -1140950067
15 , -146385825
15 , -1579142975
15 , 1528270801
15 , -1356001234
15 , 1126488282
15 , 860522463
15 , 1220821294
15 , -1844253826
15 , -1076125866
15 , 1739258584
15 , -1811787662
16 , -811024186
16 , -1716049441
16 , -161213588
16 , 1190906436
16 , 763946530
16 , 812453292
16 , -1116353453
16 , 1691592237
16 , 1094923781
16 , 619673239
16 , 1699272029
16 , 709490461
16 , -273483678
16 , 58321040
16 , -1814183382
16 , 2059191781
16 , -1806956881
16 , -39055818
16 , -1579964588
16 , 183308331
16 , -1685968571
16 , -52671267
16 , 1703072952
16 , -1091666999
16 , -146647713
16 , -505401151
16 , 1511493585
16 , -1354952146
16 , 1126357722
16 , 860522463
16 , 1220822318
16 , -1777161346
16 , -1076125866
16 , 1739256536
16 , -1811787662
17 , 398116145
17 , -1848104782
17 , -1702383208
17 , 85607045
17 , -1226215388
17 , 1401866527
17 , -235246696
17 , 1705235758
17 , -1955237423
17 , 710761053
17 , -2046062253
17 , -282342364
17 , 658106308
17 , -8706068
17 , 1631311215
17 , 1623308973
17 , -1093312163
17 , 1732819511
17 , 1863810528
17 , 1891733197
17 , 1699876502
17 , 761780798
17 , -2077044635
17 , -387096732
17 , -200333274
17 , -590882790
17 , -2039713302
17 , 1104668792
17 , 2126962343
17 , 375550699
17 , -702964207
17 , -805946725
17 , -1948755213
17 , -973702393
17 , -1602103968
18 , -31535786
18 , -1808014128
18 , -1532968831
18 , -688160519
18 , 889801067
18 , 1469776920
18 , -1369157293
18 , 1456415480
18 , 702038326
18 , -1629670435
18 , 410101170
18 , 1928371452
18 , 1445746140
18 , -602599534
18 , 1248586351
18 , 591729394
18 , 1223245066
18 , 1064124708
18 , 883489016
18 , -1179200696
18 , 1677176853
18 , -262958273
18 , 513587884
18 , -1520411372
18 , -832626882
18 , -1542046656
18 , -414144485
18 , 44663994
18 , -873089163
18 , 1105039801
18 , 1478854540
18 , -787626195
18 , -511516354
18 , -1162729132
18 , -844770041
19 , 1855486809
19 , -1793100255
19 , 135943803
19 , -1860133418
19 , 1707662566
19 , 99381210
19 , -113787929
19 , -666652525
19 , 105494220
19 , -100240841
19 , 396998546
19 , 861527953
19 , -1098917260
19 , 2108593604
19 , -1632652929
19 , 931643360
19 , 1323063260
19 , 440804028
19 , 1154577307
19 , 1622150009
19 , -2002437507
19 , 624943836
19 , 1993246963
19 , 507372624
19 , -254551776
19 , -250175534
19 , -2004180445
19 , 172122609
19 , 1786932292
19 , -1422180300
19 , -468289739
19 , 2113253717
19 , -445018152
19 , 1021236937
19 , -451487173
20 , -32584362
20 , -1808014128
20 , -1532968831
20 , -688160519
20 , 889801067
20 , 1469785112
20 , -1369157293
20 , 1456431864
20 , 702038326
20 , -1629670435
20 , 410101170
20 , 1928371448
20 , 1445746140
20 , -602599534
20 , 1248586351
20 , 591729394
20 , 1223245578
20 , 1030570276
20 , 883456248
20 , -1179200568
20 , 1677176853
20 , -262958273
20 , 513587884
20 , -1520411372
20 , -832626882
20 , -1542046624
20 , -414144485
20 , 44663994
20 , -873089163
20 , 1100845497
20 , 1478854540
20 , -787624147
20 , -511516354
20 , -1162737324
20 , -844770041
21 , 1336459478
21 , -1718146601
21 , -161213844
21 , 1207683652
21 , 755557410
21 , 275582124
21 , -1116222381
21 , 1691592237
21 , 1094923815
21 , 636450455
21 , 1699403116
21 , 709490461
21 , -273483742
21 , 595191952
21 , -1822571990
21 , 2059191783
21 , -1806956881
21 , -39055818
21 , -1579964592
21 , 183309355
21 , -1684920059
21 , -321106723
21 , 1703072952
21 , -1677821043
21 , -146385825
21 , -505401151
21 , 1528270801
21 , -1356001234
21 , 1126357210
21 , 860522463
21 , 1757692206
21 , -1844253826
21 , -1076125866
21 , 1739258584
21 , -1811787662
22 , -811024186
22 , -1716313633
22 , -161201554
22 , 1207683652
22 , 763946018
22 , 275582124
22 , -1133130669
22 , 1691854381
22 , 1631794853
22 , 636450455
22 , 1699272044
22 , 709490525
22 , -273483742
22 , 590997648
22 , -1822571990
22 , 2059191780
22 , -1806956881
22 , 2108427830
22 , -1579964592
22 , 183309355
22 , -1684919995
22 , -321106723
22 , 1703597240
22 , -1074889783
22 , -146377377
22 , -505401151
22 , 1528270801
22 , -1354952658
22 , 1126357466
22 , 860526431
22 , 1220821294
22 , -1772966020
22 , -1344561322
22 , 1739256536
22 , -1807593358
23 , -32584366
23 , -1808014128
23 , -1532968831
23 , -688160519
23 , 889801067
23 , 1469776920
23 , -1369157293
23 , 1456419576
23 , 702038326
23 , -1629674531
23 , 408004018
23 , 1928371452
23 , 1445746142
23 , -602599534
23 , 1248586351
23 , 591729394
23 , 1223245578
23 , 1030570276
23 , 883456248
23 , -1179200696
23 , 1677176853
23 , 1884525375
23 , 513587884
23 , 627072276
23 , -832626914
23 , -1542046656
23 , -414144485
23 , 44663994
23 , -873089163
23 , 1100845497
23 , 1478854540
23 , -787624147
23 , -511516354
23 , -1162729130
23 , -844770041
24 , -32584362
24 , -1808014128
24 , -1532968831
24 , -688160005
24 , 889801067
24 , 1469776920
24 , -1369157293
24 , 1456415480
24 , 702038326
24 , -1629670435
24 , 410101170
24 , 1928371452
24 , 1445746140
24 , -598405230
24 , 174844527
24 , 591729394
24 , 1487486730
24 , 1030570276
24 , 883456248
24 , -1179200664
24 , 1677176853
24 , -262958273
24 , 513587884
24 , -1520345836
24 , -866181314
24 , -1542046656
24 , -414140389
24 , 44663994
24 , -1011501195
24 , 1100845497
24 , 1476757388
24 , -787624147
24 , -511516354
24 , -1162728108
24 , -840575737
25 , -32584362
25 , -734272304
25 , -1532968831
25 , -688160517
25 , 889801067
25 , 1471874072
25 , -1369157293
25 , 1456415480
25 , 702071094
25 , -1629670499
25 , 410101170
25 , 1928369404
25 , 1445746140
25 , -602599534
25 , 1248586351
25 , 591729394
25 , 1223245578
25 , 1030570276
25 , 883456252
25 , -1179200696
25 , 1677176853
25 , -262958273
25 , 513587884
25 , -1520411372
25 , -866181314
25 , -1542046656
25 , -414144485
25 , 44663994
25 , -873089163
25 , 1100845497
25 , 1210419084
25 , -787624147
25 , -511516354
25 , 984754516
25 , -844770041
26 , 1336459462
26 , -1717098017
26 , -161213588
26 , 1207683652
26 , 763946018
26 , 275582124
26 , -1250571181
26 , 1691592237
26 , 1094923813
26 , 632258199
26 , 1699272036
26 , 709416733
26 , -273483742
26 , 595191952
26 , -2091007446
26 , 2059191783
26 , -1806825809
26 , -39055818
26 , -1579964592
26 , 181212203
26 , -1684919995
26 , -1394848547
26 , 1703073016
26 , 1004436425
26 , -146385825
26 , -505401151
26 , 1394053073
26 , -1354952658
26 , 1126357082
26 , 860522495
26 , 1287930158
26 , -1844270210
26 , -2384042
26 , 1739256024
26 , -1810739086
27 , -811015994
27 , -1711855137
27 , -161197202
27 , 1206635076
27 , 763946018
27 , 275582124
27 , -1133130669
27 , 1691854381
27 , 1363359269
27 , 636450455
27 , 1699272172
27 , 709490525
27 , -273483742
27 , 590997648
27 , -1822571990
27 , 2059191781
27 , -1806956881
27 , 2109476406
27 , -1579702448
27 , 183309355
27 , -1684919995
27 , -321106727
27 , 1703072952
27 , -1140950071
27 , -146385569
27 , -505401151
27 , 1595379665
27 , -1354952658
27 , 1126357466
27 , 859998175
27 , 1220821038
27 , -699225282
27 , -1076125866
27 , 1739256536
27 , -1811787662
28 , -811024186
28 , -1711855137
28 , -698084500
28 , 1190906436
28 , 763937827
28 , 283970732
28 , -1116353453
28 , 1691592237
28 , 1094923813
28 , 619673239
28 , 1699272013
28 , 709490461
28 , -273483742
28 , 58321040
28 , -1822571990
28 , 2059191781
28 , -1806956881
28 , -39057866
28 , -1579964556
28 , 183308331
28 , -1149097659
28 , -321106723
28 , 1703072952
28 , -1091666999
28 , -146385569
28 , -505400639
28 , 1511493585
28 , -1354952658
28 , 1126357210
28 , 860522463
28 , 1220822318
28 , -1777161346
28 , -1076125866
28 , 1739256536
28 , -1677569934
29 , -811024186
29 , -1716051489
29 , -161197204
29 , 1207683652
29 , 763946018
29 , 275582092
29 , -1116353454
29 , 1691854381
29 , 1094923813
29 , 636450455
29 , 1699272044
29 , 709490525
29 , -273483742
29 , 595191936
29 , -1822571990
29 , 2059191621
29 , -1806891345
29 , 2108427830
29 , -1579964592
29 , 183309347
29 , -1684919995
29 , -321106211
29 , 1703072952
29 , -1074889783
29 , -146516137
29 , -505400639
29 , 1528205265
29 , -1489170386
29 , 1126357466
29 , 860522463
29 , 1220821294
29 , -1772967042
29 , -1076125866
29 , 1739256536
29 , -1811787662
30 , -809975614
30 , -1716049441
30 , -160689300
30 , 1174129220
30 , 763946018
30 , 275582124
30 , -1116353453
30 , 1691592237
30 , 1094923813
30 , 636450455
30 , 1699272044
30 , 709490461
30 , -273483742
30 , 1668933776
30 , -1814183382
30 , 2059191781
30 , -1811675473
30 , -39055690
30 , -1579964588
30 , 183309359
30 , -1684919995
30 , -321106723
30 , 1703040152
30 , -1074889783
30 , -146385569
30 , -504356671
30 , 1528270801
30 , -1354952658
30 , 1126357210
30 , 860522463
30 , 1237598510
30 , -1777161346
30 , -1076125866
30 , 1739256536
30 , -1811787662
31 , -31535786
31 , -1808014128
31 , -1532968831
31 , -688160519
31 , 889801071
31 , 1469776920
31 , -1369157293
31 , 1456415480
31 , 702038326
31 , -1629670435
31 , 410101170
31 , 1928371452
31 , 1445746140
31 , -602599536
31 , 1248586351
31 , 591729394
31 , 1223245066
31 , 1030570276
31 , 883489016
31 , -1179200696
31 , 1677176853
31 , -262958273
31 , 513587884
31 , -1520411372
31 , -832626882
31 , -1542046656
31 , -414144485
31 , 44663995
31 , -873089163
31 , 1100845497
31 , 1478854540
31 , -787624147
31 , -511516354
31 , -1162729132
31 , -844770041
32 , -811024186
32 , -1717098017
32 , -161213588
32 , 1207683652
32 , 763946018
32 , 275582124
32 , -1116353453
32 , 1691592237
32 , 1094923813
32 , 632256151
32 , 1699272036
32 , 709424925
32 , -273483742
32 , 595191952
32 , -2091007446
32 , 2059191783
32 , -1806825809
32 , -39055818
32 , -1579964592
32 , 181212203
32 , -1684919995
32 , -1394848547
32 , 1703073016
32 , 1004436425
32 , -146385825
32 , -505401151
32 , 1394053073
32 , -1354936274
32 , 1126357082
32 , 860526591
32 , 1287930158
32 , -1844270210
32 , -2384042
32 , 1739256024
32 , -1810739086
33 , 1336459478
33 , -1716049441
33 , -161213588
33 , 1207683652
33 , 755557410
33 , 275582188
33 , -1116353453
33 , -455891411
33 , 1094923815
33 , -1511033129
33 , 1699272044
33 , 717879071
33 , -273483742
33 , 595191952
33 , -1822571990
33 , 2059191783
33 , -1806956881
33 , -39055818
33 , -1579964592
33 , 183309355
33 , -1684920059
33 , -321106723
33 , 1703072952
33 , -1140950067
33 , -146385825
33 , -1579142975
33 , 1528270801
33 , -1356001234
33 , 1126488282
33 , 860522335
33 , 1220821294
33 , -1844253826
33 , -1076125866
33 , 1739258584
33 , -1811787662
34 , -811024186
34 , -1716051489
34 , -161197204
34 , 1207683652
34 , 763946018
34 , 275582092
34 , -1116353453
34 , 1691854381
34 , 1094923813
34 , 636450455
34 , 1699272044
34 , 709490525
34 , -290195422
34 , 595191936
34 , -1822571990
34 , 2059191621
34 , -1806891345
34 , 2108427830
34 , -1579964592
34 , 183309315
34 , -1684919995
34 , -321106724
34 , 1703072824
34 , -1074914359
34 , -146516641
34 , -505401151
34 , 1528205265
34 , -1354952594
34 , 1126357466
34 , 860522463
34 , 1220821294
34 , -1772967042
34 , -1076125866
34 , 1739256536
34 , -1803399054
35 , 1202241734
35 , -1716049441
35 , -161213588
35 , 1207683652
35 , 759751714
35 , 275582124
35 , -1116353454
35 , 1691592237
35 , 21181988
35 , 636450455
35 , -448735876
35 , 709490461
35 , -273482718
35 , 595191952
35 , -1822637526
35 , 2059191783
35 , -1806952785
35 , -39055818
35 , -1580079280
35 , 183309355
35 , -611178171
35 , -321106723
35 , 1703072952
35 , -1677820983
35 , -146353057
35 , -1579142975
35 , 1528270801
35 , -1356001234
35 , 1126355162
35 , 860522463
35 , 1220821294
35 , -1844270210
35 , -1076125866
35 , 665514712
35 , -1811787662
36 , -811024186
36 , -1716049441
36 , -161213588
36 , 1190906436
36 , 747168802
36 , 275582124
36 , -1116353469
36 , 1691592237
36 , 1094956581
36 , 619673239
36 , 1699272029
36 , 709490461
36 , -273483678
36 , 58321040
36 , -1814183382
36 , 2059191781
36 , -1806956881
36 , -39055818
36 , -1579964588
36 , 183308331
36 , -1685968571
36 , -321106723
36 , 1703072952
36 , -1091666999
36 , -146647713
36 , -505401151
36 , 1511493585
36 , -1354952658
36 , 1126357722
36 , 860522463
36 , 1220822318
36 , -1777161346
36 , -1076125866
36 , 1739256536
36 , -1811787662
37 , 1336459478
37 , -1716049441
37 , -161213588
37 , 1207683652
37 , 755557410
37 , 275582188
37 , -1116353453
37 , 1691592237
37 , 1094923815
37 , -1511033129
37 , 1699272044
37 , 709490591
37 , -273483742
37 , 595191952
37 , -1822571990
37 , 2059191783
37 , -1806956881
37 , -39055818
37 , -1579964560
37 , 183309355
37 , -1684920059
37 , -321106723
37 , 1703072952
37 , -1140950067
37 , -146385825
37 , -1579142975
37 , 1528270801
37 , -1356001234
37 , 1126488282
37 , 860522462
37 , 1220821294
37 , -1844253826
37 , -1076125866
37 , 1739258584
37 , -1811787662
38 , -32584362
38 , -734272304
38 , -1532968831
38 , -688160517
38 , 889801067
38 , 1469776920
38 , -1369157293
38 , 1456415480
38 , 702038326
38 , -1629670499
38 , 410101170
38 , 1928369404
38 , 1445746140
38 , -602599534
38 , 1248586351
38 , 591729394
38 , 1223245578
38 , 1030570276
38 , 883456252
38 , -1179200696
38 , 1677176853
38 , -262958273
38 , 513587884
38 , -1520411370
38 , -866181314
38 , -2078917568
38 , -414144485
38 , 44795066
38 , -873089163
38 , 1100845497
38 , 1478854540
38 , -787624147
38 , -511516354
38 , 984754516
38 , -844770041
39 , 1336459478
39 , -1716049441
39 , -161213588
39 , 1207683652
39 , 755557410
39 , 275614892
39 , -1116353453
39 , 1691592237
39 , 1094923815
39 , -1511033193
39 , 1699272044
39 , 709490461
39 , -273483742
39 , 595191952
39 , -1822571990
39 , 2059191783
39 , -1806956881
39 , -38007242
39 , -1579964592
39 , 183309355
39 , -1684920059
39 , -321106723
39 , 1703072952
39 , -1140950035
39 , -146385825
39 , -1578618687
39 , 1528270801
39 , -1356001234
39 , 1126488282
39 , 862619615
39 , 1489256750
39 , -1844253826
39 , -1076125866
39 , 1739258584
39 , -1811787662
40 , -811024186
40 , -1711855137
40 , -698084500
40 , 1190906436
40 , 763937827
40 , 275582124
40 , -1116353453
40 , 1691592237
40 , 1094923813
40 , 619673239
40 , 1699272013
40 , 709490460
40 , -273516510
40 , 58321040
40 , -1822571990
40 , 2059191781
40 , -1806956881
40 , -39055818
40 , -1579964556
40 , 183308331
40 , -1149097659
40 , -321106723
40 , 1703072952
40 , -1091666999
40 , -414821025
40 , -505400639
40 , 1511493585
40 , -1354952658
40 , 1126357210
40 , 860522463
40 , 1220822318
40 , -1777161346
40 , -1076125866
40 , 1739256536
40 , -1811787662
41 , -811024186
41 , -1716049441
41 , -161213588
41 , 1190906436
41 , 763946530
41 , 812453292
41 , -1116353453
41 , 1691592237
41 , 1094923813
41 , 619673239
41 , 1701369181
41 , 709490461
41 , -273483678
41 , 58325136
41 , -1814183382
41 , 2059191781
41 , -1806956881
41 , -39055818
41 , -1579964588
41 , 183308331
41 , -1685968571
41 , -321106723
41 , 1703072952
41 , -1091666999
41 , -180202145
41 , -505401151
41 , 1511493585
41 , -1354952658
41 , 1126357722
41 , 860522463
41 , 1220822318
41 , -1777161346
41 , -1076125866
41 , 1739256536
41 , -1811787662
42 , -811024186
42 , -1716049441
42 , -161180820
42 , 1190906436
42 , 763946018
42 , 275582124
42 , -1116353453
42 , 1691592237
42 , 1094923813
42 , 619673239
42 , 1699272029
42 , 675936029
42 , -273483742
42 , 58321040
42 , -1814052310
42 , 2059191781
42 , -1806956881
42 , -1112797642
42 , -1579964588
42 , 1257050155
42 , -1685968571
42 , -321106723
42 , 1703072952
42 , -1091666999
42 , -146385569
42 , -505400639
42 , 1511493585
42 , -281210834
42 , 1126357722
42 , 860522463
42 , 1237599278
42 , -1777161346
42 , -1076125866
42 , 1202385624
42 , -1811787662
43 , -813121338
43 , -1711855137
43 , -698084484
43 , 1190906436
43 , 763946018
43 , 275582124
43 , -1116353453
43 , 1691592237
43 , 1094923813
43 , 619673239
43 , 1699280205
43 , 709490461
43 , -273483742
43 , 58322064
43 , -1822571990
43 , 2059191781
43 , -1806956881
43 , -39055818
43 , -1579964588
43 , 184356907
43 , -1149097659
43 , -321106723
43 , 1703072952
43 , -1091666999
43 , -146385569
43 , -505400639
43 , 1511493585
43 , -1354952658
43 , 1126357210
43 , 860522463
43 , 1220822318
43 , -1777161346
43 , -1076125866
43 , 1739256536
43 , -1809690510
44 , -32584362
44 , -1808014128
44 , -1532968831
44 , -688160037
44 , 889801067
44 , 1469776920
44 , -1369157293
44 , 1456415480
44 , 702038326
44 , -1629670403
44 , 410101170
44 , 1928371452
44 , 1445746140
44 , -602599533
44 , 174844527
44 , 591729394
44 , 1487486730
44 , 1030570276
44 , 883456248
44 , -1179200696
44 , 1677176853
44 , -262958273
44 , 513587884
44 , -1520345836
44 , -866181314
44 , -1542046656
44 , -414140389
44 , 44663994
44 , -1011501195
44 , 1100845497
44 , 1476757388
44 , -787624147
44 , -511516354
44 , -1162729132
44 , -840575737
45 , 1336459474
45 , 431434207
45 , -161148052
45 , 1207683652
45 , 755557410
45 , 275582124
45 , -1116353453
45 , 1691592237
45 , 1078146599
45 , 636450455
45 , 1699272044
45 , 709490461
45 , -273483742
45 , 595191952
45 , -1822571990
45 , 2059191783
45 , -1806956881
45 , -39055834
45 , -1579964592
45 , 183309355
45 , -1684920059
45 , -321106723
45 , 1703072952
45 , -67208243
45 , -146385825
45 , -1579142975
45 , 1528270801
45 , -1356001234
45 , 1260574938
45 , 860522463
45 , 1220821294
45 , -1844253826
45 , -1076125882
45 , 1739127512
45 , -1811787662
46 , -31535786
46 , -1809062704
46 , -1532968831
46 , -688160519
46 , 889801067
46 , 1469776920
46 , -1369157293
46 , 1456415480
46 , 702038326
46 , -1629670435
46 , 410101170
46 , 1928371452
46 , 1445746140
46 , -602599534
46 , 1248848495
46 , 591729394
46 , 1223245066
46 , 1030570276
46 , 883489016
46 , -1179200696
46 , 1677176853
46 , -262958273
46 , 513587884
46 , -1520149228
46 , -832626882
46 , -1542046656
46 , -414144485
46 , 44663994
46 , -873089163
46 , 1100845497
46 , 1478854540
46 , -787624147
46 , -511516354
46 , -1162729132
46 , -844770041
47 , -32584366
47 , -1808014128
47 , -1532968831
47 , -688160519
47 , 889801067
47 , 1469809688
47 , -1369157293
47 , 1456419576
47 , 702038326
47 , -1629670435
47 , 408004018
47 , 1928371452
47 , 1445746140
47 , -602599534
47 , 1248586351
47 , 591729394
47 , 1223245578
47 , 1030570276
47 , 917010680
47 , -1179200704
47 , 1677176853
47 , 1884525375
47 , 513587876
47 , 627072276
47 , -832626914
47 , -1542046144
47 , -414144485
47 , 44663994
47 , -873089163
47 , 1100845497
47 , 1478854540
47 , -787624147
47 , -1048387266
47 , -1162729132
47 , -844770041
48 , 1336459478
48 , -1718146601
48 , -161213588
48 , 1207683652
48 , 755557410
48 , 275582380
48 , -1116222381
48 , 1691592237
48 , 1094923815
48 , 636450455
48 , 1699403116
48 , 709490461
48 , -273483742
48 , 595191952
48 , -1822571990
48 , 2059191783
48 , -1806956881
48 , -39055818
48 , -1579964592
48 , 183309355
48 , -1684920059
48 , -321123107
48 , 1703072952
48 , -1677821043
48 , -146385825
48 , -1579142975
48 , 1528270801
48 , -1356001234
48 , 1126357210
48 , 860522463
48 , 1220821294
48 , -1827476610
48 , -1076125866
48 , 1739258584
48 , -1811787662
49 , -32585390
49 , -1808014128
49 , -1532968831
49 , -688160519
49 , 889801067
49 , 1469776920
49 , -1369157293
49 , 1456419576
49 , 702038326
49 , -1629670435
49 , 408004018
49 , 1928502524
49 , 1445746140
49 , -602599534
49 , 1248586351
49 , 591729394
49 , 1760116490
49 , 1030570276
49 , 883456248
49 , -1179200696
49 , 1677176853
49 , 1884525375
49 , 513587884
49 , 627072276
49 , -832626914
49 , -1542046656
49 , -414144485
49 , 44663994
49 , -873089163
49 , 1100845497
49 , 1478854540
49 , -787624147
49 , -511516354
49 , -1162729132
49 , -844770041
50 , -32584362
50 , -734272304
50 , -1532968829
50 , -688160517
50 , 889801195
50 , 1469776920
50 , -1369157293
50 , 1456415480
50 , 702038326
50 , -1629670499
50 , 410101170
50 , 1928369404
50 , 1445746140
50 , -602599534
50 , 1248586351
50 , 591729394
50 , 1223245578
50 , 1030570276
50 , 883456252
50 , -1179200696
50 , 1677176853
50 , -262958273
50 , 513587884
50 , -1520411372
50 , -866181314
50 , -1542046656
50 , -414144485
50 , 44663994
50 , -873089163
50 , 1100845497
50 , 1478854540
50 , -788148435
50 , -511516354
50 , 984754516
50 , -844770041
51 , -33108650
51 , -1808014128
51 , -1532968831
51 , -688160005
51 , 889801067
51 , 1469776920
51 , -1369173673
51 , 1456415480
51 , 704135478
51 , -1629670435
51 , 410101170
51 , 1928371452
51 , 1445221852
51 , -602599534
51 , 174844527
51 , 592777842
51 , 1487486730
51 , 1030570276
51 , 883456248
51 , -1179200696
51 , 1677176853
51 , -262991041
51 , 513587884
51 , -1520345836
51 , -866181314
51 , -1542046656
51 , -414140389
51 , 44663994
51 , -1007306891
51 , 1100845497
51 , 1478854540
51 , -787624147
51 , -511516358
51 , -1162729132
51 , -844770041
52 , 398116145
52 , -1848104782
52 , -1702383208
52 , 85611141
52 , -1226215388
52 , 1401866527
52 , -235246696
52 , 1705235758
52 , -1955237423
52 , 710761053
52 , -2046062253
52 , -282342364
52 , 658106308
52 , -8706068
52 , 1631311215
52 , 1623308973
52 , -1093181091
52 , 1732950583
52 , 1863810528
52 , -524185907
52 , 1699876502
52 , 761780798
52 , -2077044635
52 , -387096732
52 , -200333274
52 , -590882790
52 , -2039713302
52 , 1087891576
52 , 2126962343
52 , 375550699
52 , -702964207
52 , -805946725
52 , -1948755213
52 , -973702393
52 , -1602103968
53 , -31535786
53 , -1808014128
53 , -1264533375
53 , -688160519
53 , 889801067
53 , 1469776920
53 , -1369157293
53 , 1456415480
53 , 702038326
53 , -1629670435
53 , 410101170
53 , 1928371452
53 , 1445746140
53 , -602599534
53 , 1248584303
53 , 591729394
53 , 1223245066
53 , 1030570276
53 , 883489016
53 , -1179200696
53 , 1677176853
53 , -262958273
53 , 513587884
53 , -1520411372
53 , -832626914
53 , -1542046656
53 , -414144485
53 , 44663994
53 , -873089163
53 , 1100845497
53 , 1478854540
53 , -787624147
53 , -511516354
53 , -1162729132
53 , -844770041
54 , -811024186
54 , -1711855137
54 , -698084500
54 , 1190906436
54 , 763946018
54 , 275582124
54 , -1116353453
54 , 1691592237
54 , 1094923813
54 , 619673239
54 , 1699272013
54 , 709490461
54 , -273483742
54 , 58321040
54 , -1822571990
54 , 2059191781
54 , -1806956881
54 , -39055818
54 , -1579964586
54 , 183308331
54 , -1149097659
54 , -321106723
54 , 1703072952
54 , -1091666999
54 , -145861281
54 , -505400639
54 , 1511493585
54 , -1354952658
54 , 1126357210
54 , 860522463
54 , 1220822318
54 , -1777161346
54 , -1076125866
54 , 1739240152
54 , -1795010446
55 , -719025144
55 , 1861522895
55 , 412700825
55 , -1221682970
55 , 305789839
55 , -22796321
55 , -1213865358
55 , 1212958278
55 , -2028557861
55 , -1919406864
55 , -1603622552
55 , 1363249975
55 , -2006135573
55 , 408609683
55 , -206921688
55 , 637985453
55 , 589539939
55 , 569769525
55 , -489852245
55 , -1038512992
55 , 1219222714
55 , 1456055035
55 , -1198524261
55 , 1433262063
55 , -814855644
55 , 1978186488
55 , 1867978864
55 , -576077566
55 , 2117693373
55 , 794735224
55 , -115224243
55 , -1100806104
55 , -258588235
55 , 1840025406
55 , -626969141
56 , 398116145
56 , -1848104782
56 , -1702383208
56 , 85611141
56 , -1226215388
56 , 1401866527
56 , -235246696
56 , 1705235758
56 , -1955237423
56 , 710761053
56 , -2046062253
56 , -282342364
56 , 658106308
56 , -8706068
56 , 1631311215
56 , 1623308973
56 , -1093311651
56 , 1732950583
56 , 1863810528
56 , 1891733197
56 , 1699876502
56 , 761780798
56 , -2077044635
56 , -387096732
56 , -200333274
56 , -590882790
56 , -1771277846
56 , 1087891576
56 , 2126962343
56 , 375550699
56 , -702964207
56 , -805946725
56 , -1948755213
56 , -977896697
56 , -1602103968
57 , -15807146
57 , -1808014128
57 , -1532968831
57 , -688160005
57 , 889801067
57 , 1469776920
57 , -1369157293
57 , 1456415480
57 , 702103862
57 , -1629670435
57 , 410101170
57 , 1928371452
57 , 1445746140
57 , -569045102
57 , 174844527
57 , 591729394
57 , 1487486730
57 , 1030570276
57 , 883456248
57 , -1179200696
57 , 1677176853
57 , -262958273
57 , 513587884
57 , -1520345836
57 , -866181314
57 , -1542046400
57 , -414140389
57 , 44663994
57 , -1007306883
57 , 1100845497
57 , 1479378828
57 , -787624147
57 , -511516354
57 , -1162729132
57 , -844770041
58 , -32584362
58 , -1808014128
58 , -1532968831
58 , -688160519
58 , 889801067
58 , 1469776920
58 , -1436257965
58 , 1456415480
58 , 702038326
58 , -1629654051
58 , 410101682
58 , 1928371452
58 , 1445746141
58 , -602599534
58 , 1248585839
58 , 1665471218
58 , 1223245578
58 , 1030570276
58 , 883456248
58 , -1179200696
58 , 1677176853
58 , -262957249
58 , 513587884
58 , -1520411372
58 , -832626881
58 , -1542046656
58 , -414144485
58 , 44139706
58 , -873089163
58 , 1100845497
58 , 1478854540
58 , -787624145
58 , -511516354
58 , -1162729132
58 , -811215609
59 , -811024186
59 , -1711855137
59 , -698084500
59 , 1190906436
59 , 763946018
59 , 275586220
59 , -1116353453
59 , 1693689389
59 , 1094923813
59 , 619673239
59 , 1699272013
59 , 709490461
59 , -273483742
59 , 58321040
59 , -1822571990
59 , 2059191781
59 , -1806956881
59 , -39055818
59 , -1579964588
59 , 184356907
59 , -1149097659
59 , -321106723
59 , 1703072952
59 , -1091666999
59 , -137472673
59 , -505400639
59 , 1511493585
59 , -1354952658
59 , 1126357210
59 , 860522463
59 , 1220822318
59 , -1777161346
59 , -1076125866
59 , 1739256536
59 , -1795010446
60 , -811024186
60 , -1711855137
60 , -698084500
60 , 1190906436
60 , 763946018
60 , 275582124
60 , -1116353453
60 , 1691592237
60 , 1094923813
60 , 619673239
60 , 1699272013
60 , 709490461
60 , -273483742
60 , 326756496
60 , -1822571990
60 , 2059191781
60 , -1806924113
60 , -39055818
60 , -1579964588
60 , 183308587
60 , -1149097659
60 , -321106723
60 , 1703072952
60 , -1091666999
60 , -146385569
60 , -505400639
60 , 1511493585
60 , -1354952658
60 , 1126357210
60 , 860522463
60 , 1220822318
60 , -1777161346
60 , -1076125866
60 , 1739256536
60 , -1811787662
61 , -15807150
61 , -1808014128
61 , -1532968831
61 , -688160519
61 , 889801067
61 , 1469776920
61 , -1369157293
61 , 1456419576
61 , 702038326
61 , -1629670435
61 , 408004018
61 , 1928371452
61 , 1445746140
61 , -602599534
61 , 1248586351
61 , 591729394
61 , 1223245578
61 , 1030570276
61 , 883456248
61 , -1179200704
61 , 1677176853
61 , 1884525375
61 , 513587876
61 , 627072276
61 , -832626914
61 , -1542046656
61 , -414013413
61 , 44663994
61 , -873089163
61 , 1100845497
61 , 1478854540
61 , -787624403
61 , -1048387266
61 , -1162729132
61 , -844770041
62 , -32584362
62 , -1808014144
62 , -1532968831
62 , -688160005
62 , 889801067
62 , 1469776920
62 , -1369157293
62 , 1456415480
62 , 702038326
62 , -1629670435
62 , 410101170
62 , 1928371452
62 , 1445746140
62 , -602599534
62 , 174844527
62 , 591729394
62 , 1487486730
62 , 1030045988
62 , 883456248
62 , -1179200696
62 , 1677176853
62 , -262958273
62 , 513587884
62 , -1520345836
62 , -866181314
62 , -1542046656
62 , -414140389
62 , 44663992
62 , -1007306891
62 , 1100845497
62 , 1478592396
62 , -787624147
62 , -511516354
62 , -1162728107
62 , -844770041
63 , -32584362
63 , -1808014128
63 , -1532968831
63 , -688160519
63 , 889801003
63 , 1469776920
63 , -1369149101
63 , 1456415480
63 , 701514038
63 , -1629670435
63 , 1483843506
63 , 1928371452
63 , 1445746140
63 , -602599534
63 , 1248586351
63 , 591729394
63 , 1223245578
63 , 1030570276
63 , 883456248
63 , -1179201208
63 , 1677176917
63 , -262958273
63 , 513587884
63 , -1520411372
63 , -832626882
63 , -1508492224
63 , -414144485
63 , 44663994
63 , -873089163
63 , 1167954873
63 , 1478854540
63 , -787624145
63 , -511516354
63 , -1162731180
63 , -844770041
64 , -811024186
64 , -1716049441
64 , -161213588
64 , 1190906436
64 , 763946530
64 , 812453292
64 , -1116353453
64 , 1691592237
64 , 1094923813
64 , 619673239
64 , 1699272029
64 , 709490461
64 , -273483678
64 , 58321040
64 , -1814183382
64 , 2059322853
64 , -1806956881
64 , -39055818
64 , -1579964588
64 , 183308331
64 , -1685444283
64 , -321106723
64 , 1703072952
64 , -1091666999
64 , -146647713
64 , -505401151
64 , 1511493457
64 , -1354952658
64 , 1126357722
64 , 860522463
64 , 1220822318
64 , -1777161346
64 , -1076125866
64 , 1739256536
64 , -1811787662
65 , -32584362
65 , -1808014128
65 , -1532968831
65 , -688160519
65 , 889801003
65 , 1469776920
65 , -1369149101
65 , 1456415480
65 , 701514038
65 , -1629670435
65 , 1483843506
65 , 1928371452
65 , 1445746140
65 , -602599534
65 , 1248586351
65 , 591729394
65 , 1223245578
65 , 1030570276
65 , 875067640
65 , -1179200696
65 , 1677176917
65 , -262958785
65 , 513587884
65 , -1520411372
65 , -832626882
65 , -1542046656
65 , -414144485
65 , 44663994
65 , -873089163
65 , 1084068793
65 , 1478854540
65 , -787624145
65 , -511516354
65 , -1162731180
65 , -844770041
66 , 398116209
66 , -1848104782
66 , -1702383208
66 , 85611141
66 , -1226215388
66 , 1401866527
66 , -235248744
66 , 1705235758
66 , -1955237423
66 , 710761053
66 , -2046062253
66 , -282342364
66 , 658106308
66 , -8706068
66 , 1631311215
66 , 1623308965
66 , -1093312035
66 , 1732950583
66 , 1863810528
66 , 1887809229
66 , 1699876502
66 , 745003582
66 , -2077044635
66 , -387096732
66 , -200333274
66 , -590882798
66 , -2039713302
66 , 1087891576
66 , 2126962343
66 , 375550699
66 , -702964207
66 , -805946725
66 , -1948755213
66 , -973702393
66 , -528361664
67 , 1855486299
67 , -987793887
67 , 135927419
67 , -1860133417
67 , 1707662566
67 , 636252122
67 , -113820697
67 , -622612333
67 , 105494220
67 , -368676297
67 , 396474246
67 , 861527953
67 , -1098916236
67 , 2108560836
67 , -1901092481
67 , 931643360
67 , 1323063262
67 , 440804092
67 , 1691448219
67 , 1622150008
67 , -1465566595
67 , 624943836
67 , 1724549363
67 , 507372624
67 , -790914816
67 , -250175550
67 , -2004171997
67 , 172122609
67 , 1786932548
67 , -1438957548
67 , -468289539
67 , 2104865109
67 , -436629544
67 , 1021236937
67 , -316679621
68 , -809975610
68 , -1716049441
68 , -160689300
68 , 1174129220
68 , 763946274
68 , 275590316
68 , -1116353453
68 , 1691592237
68 , 1094923813
68 , 636450455
68 , 1699272044
68 , 709490525
68 , -273483742
68 , 595191952
68 , -1822571990
68 , 2059191653
68 , -1803286865
68 , -39055690
68 , -1579964588
68 , 183309359
68 , -1684919995
68 , -321106723
68 , 1703072920
68 , -1075020855
68 , -146647713
68 , -505401151
68 , 1528270801
68 , -1354952658
68 , 1126357210
68 , 860522463
68 , 1220821294
68 , -2045596802
68 , -1076125882
68 , 1739256536
68 , -1811787662
69 , -31535786
69 , -1808014128
69 , -1532968823
69 , -688160519
69 , 889801067
69 , 1469776920
69 , -1369157293
69 , 1456415480
69 , 702038326
69 , -1092799523
69 , 410101170
69 , 1928371452
69 , 1445746140
69 , -602599534
69 , 1248586351
69 , 591729394
69 , 1223245066
69 , 1030570276
69 , 883489528
69 , -1179200696
69 , 1677176853
69 , -262958277
69 , 513587884
69 , -1520411372
69 , 1314856766
69 , -1542046656
69 , -414144485
69 , 44663994
69 , -873089163
69 , 1100845497
69 , 1478854540
69 , -787624147
69 , -511516354
69 , -1162729132
69 , -844770033
70 , 1855486811
70 , -1793100255
70 , 135943803
70 , -1860133418
70 , 1707662566
70 , 99381210
70 , -113787929
70 , -666652525
70 , 105493708
70 , -100240841
70 , 396998530
70 , 861527953
70 , -1098917260
70 , 2108593604
70 , -1632652929
70 , 931643360
70 , 1323063260
70 , 440804028
70 , 1154577307
70 , 1622150009
70 , -2002437507
70 , 624943836
70 , 1993246963
70 , 507372624
70 , -254289632
70 , -250175534
70 , -2004180446
70 , 172122609
70 , 1786932292
70 , -1422180300
70 , -468289739
70 , 2113253717
70 , -445018152
70 , 1021236937
70 , -450962885
71 , -811024186
71 , -1711855137
71 , -152808594
71 , 1207683652
71 , 763946018
71 , 275582124
71 , -1133130670
71 , 1691854381
71 , 1094792741
71 , 636450455
71 , 1699272044
71 , 709490525
71 , -273483742
71 , 590932112
71 , -1822571990
71 , 2025637349
71 , -1807481169
71 , 2108427830
71 , -1579964592
71 , 183309355
71 , -1617811131
71 , -321106723
71 , 1703072952
71 , -1074889783
71 , -146385577
71 , -505401151
71 , 1595379665
71 , -1354952658
71 , 1126357466
71 , 860522463
71 , 1220821038
71 , -1772967042
71 , -1076125930
71 , 1739256536
71 , -1811787662
72 , -719025144
72 , 1861522895
72 , 412700825
72 , -1221682970
72 , 305789839
72 , -22796321
72 , -1213865358
72 , 1213023814
72 , -2028557861
72 , -1919406864
72 , -1603622552
72 , 1363249975
72 , -2006135575
72 , 408609683
72 , -206921688
72 , 637985453
72 , 555985507
72 , 569769525
72 , -489852245
72 , -1038512992
72 , 1219222714
72 , 1456055035
72 , -1198524261
72 , 1434310639
72 , -814855644
72 , 1978186488
72 , 1331107952
72 , -576077566
72 , 2117693373
72 , 794735224
72 , -115224243
72 , -1167914968
72 , -258588235
72 , 1840025406
72 , -626969141
73 , -811024186
73 , -1716313633
73 , -161201298
73 , 1207683652
73 , 763946018
73 , 275582124
73 , -1133130669
73 , 1690805805
73 , 1094923941
73 , 636450455
73 , 1699272044
73 , 709490525
73 , -273483742
73 , 590997648
73 , -1822571974
73 , 2059191780
73 , -1806956881
73 , 2108427830
73 , -1579964592
73 , 183309355
73 , -1684919995
73 , -321106723
73 , 1703597240
73 , -1074889783
73 , -146377377
73 , -505401151
73 , 1528270801
73 , -1354952658
73 , 1126357466
73 , 860493663
73 , 1220821294
73 , -1772966018
73 , -1344561322
73 , 1739256536
73 , -1807593358
74 , -811024186
74 , -1711855137
74 , -161197202
74 , 1207683652
74 , 763946018
74 , 812453036
74 , -1133130669
74 , 1691854397
74 , 1094923813
74 , 636450455
74 , 1699272044
74 , 709490525
74 , -273483742
74 , 590997648
74 , -1822571926
74 , 2059191781
74 , -1806956881
74 , 2108427830
74 , -1579964592
74 , 183309355
74 , -1684919995
74 , -321106723
74 , 1703072920
74 , -1073841207
74 , -146352801
74 , -505401151
74 , 1597476817
74 , -1354952658
74 , 1126357466
74 , 591562719
74 , 1220821038
74 , -699225218
74 , -1076125866
74 , 1739256536
74 , -1811771278
75 , 1855486795
75 , -1793100255
75 , 135943803
75 , -1860133410
75 , 1707662566
75 , 99381210
75 , -113787929
75 , -666652525
75 , 105494220
75 , -100240841
75 , 396998530
75 , 861527953
75 , -1098917260
75 , 2108593604
75 , -1632652929
75 , 931643360
75 , 1323063260
75 , 440804028
75 , 1154577307
75 , 1622150009
75 , -2002437507
75 , 624943836
75 , 1993246963
75 , 507372624
75 , -254551776
75 , -250175534
75 , -2004180445
75 , 172122609
75 , 1786932292
75 , -1422180300
75 , -468289739
75 , 2113253717
75 , -445018152
75 , 1021105865
75 , -450962885
76 , -31535786
76 , -1808014128
76 , -1532968831
76 , -688160519
76 , 889801067
76 , 1469776920
76 , -1369157293
76 , 1456415480
76 , 702038326
76 , -1629670435
76 , 410101170
76 , 1928371452
76 , 1412191708
76 , -602599534
76 , 1248586351
76 , 591729394
76 , 1223245066
76 , 1030570276
76 , 883489008
76 , -1179331768
76 , 1677176853
76 , -262958273
76 , 513587884
76 , -1520411372
76 , -832626882
76 , -1542046656
76 , -414144485
76 , 44663994
76 , -873089163
76 , 1100321209
76 , 1478854540
76 , -787624147
76 , -511516353
76 , -1162696364
76 , -844770041
77 , -811024186
77 , -1716442657
77 , -161213588
77 , 1190906436
77 , 763946018
77 , 275582124
77 , -1116353453
77 , 1691592237
77 , 1094923813
77 , 619673239
77 , 1699272029
77 , 709490461
77 , -273483678
77 , 58321040
77 , -1814183382
77 , 2059191781
77 , -1806956881
77 , -39055818
77 , -1579964588
77 , 183308331
77 , -1685968571
77 , -321106723
77 , 1707267256
77 , -1091666999
77 , -146647713
77 , -505401151
77 , 1511493585
77 , -1354952658
77 , 1126357722
77 , 860522463
77 , 1220822318
77 , -1777161346
77 , -1076125866
77 , 1739256536
77 , -1811787662
78 , 1336459990
78 , -1718146593
78 , -161213588
78 , 1207683652
78 , 789111842
78 , 275319980
78 , -1116222381
78 , 1691592237
78 , 1094923815
78 , 636450455
78 , 1699272044
78 , 709490461
78 , -273483744
78 , 595191952
78 , -1822571990
78 , 2059191783
78 , -1874065745
78 , -39055818
78 , -1579964592
78 , 183309355
78 , -1684920059
78 , -321106723
78 , 1703072952
78 , -1140950131
78 , -146385825
78 , -1579142975
78 , 1528270801
78 , -1356001234
78 , 1126357210
78 , 860522463
78 , 1220821294
78 , 303229822
78 , -1076125866
78 , 1739258584
78 , -1811787662
79 , 1336459478
79 , -1716049441
79 , -161213588
79 , 1207683652
79 , 755557410
79 , 275582124
79 , -1116353325
79 , 1691592237
79 , 1094923815
79 , -1511033193
79 , 1699272008
79 , 709490461
79 , -273483742
79 , 595191952
79 , -1822571990
79 , 2059191783
79 , -1806956881
79 , -39023050
79 , -1579964592
79 , 183309355
79 , -1684928251
79 , -321106723
79 , 1703071928
79 , -1140950067
79 , -146385825
79 , -1579142975
79 , 1528270801
79 , -1356001234
79 , 1126488282
79 , 860522463
79 , 1220821294
79 , -1844253826
79 , -1076125866
79 , 1739258584
79 , -1811787662
80 , -811024186
80 , -1711855137
80 , -698084500
80 , 1190906436
80 , 763946018
80 , 275582124
80 , -1116353453
80 , 1691592237
80 , 1094923813
80 , 619673239
80 , 1699272013
80 , 709490461
80 , -273483742
80 , 58321040
80 , -2091007446
80 , 2059191789
80 , -1806956881
80 , -39055818
80 , -1579964588
80 , 183308331
80 , -1149097659
80 , -321106723
80 , 1703072952
80 , -1091666999
80 , -146385569
80 , -505400639
80 , 1511493585
80 , -1354952658
80 , 1126357210
80 , 860522463
80 , 147080494
80 , -1777161346
80 , -1076125866
80 , 1739256536
80 , -1811787662
81 , -811024186
81 , -1716049441
81 , -161197204
81 , 1207683652
81 , 763946022
81 , 1382878380
81 , -1116353453
81 , 1691854381
81 , 1094923813
81 , 636450455
81 , 1699272045
81 , 709490525
81 , -273483742
81 , 595191936
81 , -1822834134
81 , 2059191621
81 , -1806891345
81 , 2108427798
81 , -1579964592
81 , 183309347
81 , -1684919993
81 , 1826376925
81 , 1703072952
81 , -1074889783
81 , -146385569
81 , -505401151
81 , 1528205265
81 , -1354952658
81 , 1126357466
81 , 862619615
81 , 1220821294
81 , -1772967042
81 , -287402
81 , 1739256536
81 , -1811787662
82 , -811024186
82 , -1711855137
82 , -161197186
82 , 1207683652
82 , 763946018
82 , 812453036
82 , -1133130669
82 , 1691854397
82 , 1094923813
82 , 636450455
82 , 1699272044
82 , 709490525
82 , -273483742
82 , 590997648
82 , -1822571926
82 , 2059191781
82 , -1806956881
82 , 2108427830
82 , -1579964592
82 , 183309355
82 , -1684919995
82 , -321106723
82 , 1703072952
82 , -1073843255
82 , -146352801
82 , -505401151
82 , 1597476817
82 , -1354952658
82 , 1126357466
82 , 591562719
82 , 1220821038
82 , -699225218
82 , -1076125866
82 , 1739256536
82 , -1795010446
83 , 398116145
83 , -1848104782
83 , -1702383208
83 , 85611141
83 , -1226215388
83 , 1401870623
83 , -235246696
83 , 1705235758
83 , -1955237423
83 , 710761053
83 , -2046062253
83 , -282342364
83 , 656009156
83 , -8706068
83 , 1631311215
83 , 1623308973
83 , -1093312163
83 , 1732950583
83 , 1863810528
83 , 1891733197
83 , 1699876502
83 , 761780798
83 , -2077044635
83 , -387096732
83 , -200333274
83 , -590882790
83 , -2039713302
83 , 1087891576
83 , 2126962343
83 , 375550699
83 , -702964207
83 , -805946725
83 , -1948722445
83 , -973702393
83 , -1602103968
84 , -31535786
84 , -1808014128
84 , -1532968831
84 , -688160519
84 , 889801067
84 , 1469776920
84 , -1369157293
84 , 1456415480
84 , 702038326
84 , -1629670435
84 , 410101170
84 , 1928371452
84 , 1445746140
84 , -602599534
84 , 1248586351
84 , 591729394
84 , 1223245066
84 , 1030570276
84 , 883489016
84 , -1179200696
84 , 1677176853
84 , -262958273
84 , 513587884
84 , -1520411372
84 , -832626882
84 , -1542046656
84 , -414152677
84 , 44663994
84 , -873089163
84 , 1100845497
84 , 1478862732
84 , -787624147
84 , -511254210
84 , -1162729132
84 , -844770041
85 , -32584362
85 , -1808014128
85 , -1532968831
85 , -688160005
85 , 889801067
85 , 1469776920
85 , -1369157293
85 , 1456415480
85 , 702038326
85 , -1629670435
85 , 410101170
85 , 1928371452
85 , 1446794716
85 , -602599534
85 , 174844527
85 , 591729394
85 , 1487486730
85 , 1038958884
85 , 883456248
85 , -1179200760
85 , 1677176853
85 , -262958273
85 , 513587884
85 , -1520345836
85 , -866181314
85 , -1542046656
85 , -414140389
85 , 44663994
85 , -1007306891
85 , 1100845497
85 , 1478854540
85 , -787624147
85 , -511516354
85 , -1162729132
85 , -844770041
86 , -809975610
86 , -1716049441
86 , -160689300
86 , 1174129220
86 , 763946274
86 , 275590316
86 , -1116353453
86 , 1691592237
86 , 1094923813
86 , 636450455
86 , 1699272044
86 , 709490525
86 , -273483742
86 , 595191952
86 , -1822571990
86 , 2059191653
86 , -1803270481
86 , -39039322
86 , -1579964588
86 , 183309359
86 , -1684919995
86 , -321106723
86 , 1703072920
86 , -1074889783
86 , -146385569
86 , -505401151
86 , 1528270801
86 , -1354952658
86 , 1126357210
86 , 860522463
86 , 1220821294
86 , -2045596802
86 , -1076125866
86 , 1739256536
86 , -1811787662
87 , -32584362
87 , -1808014128
87 , -1532968831
87 , -688158981
87 , 889801067
87 , 1469776920
87 , -1369157293
87 , 1456415480
87 , 702038326
87 , -1629932579
87 , 410101170
87 , 1928371452
87 , 1445746140
87 , -598405230
87 , 174844527
87 , 591729394
87 , 1487486730
87 , 1030570276
87 , 883456248
87 , -1179200696
87 , 1677176853
87 , -262958273
87 , 512539308
87 , -1520345836
87 , -832626882
87 , -1542048704
87 , -414140389
87 , 44663994
87 , -1007306891
87 , 1100845497
87 , 1478854540
87 , -787624147
87 , -511516354
87 , -1162729132
87 , -844770041
88 , -66138794
88 , -1808014128
88 , -1532968831
88 , -688160005
88 , 889801067
88 , 1469776920
88 , -1369157293
88 , 1456415736
88 , 702038326
88 , -1629670435
88 , 410101170
88 , 1928895740
88 , 1445746140
88 , -602599534
88 , 174844527
88 , 591729394
88 , 1487486730
88 , 1030570276
88 , 883456248
88 , -1179200696
88 , 1677176853
88 , -262958305
88 , 513587884
88 , -1520345836
88 , -866181314
88 , -2078917568
88 , -414140389
88 , 44663994
88 , -1007306891
88 , 1100845497
88 , 1478854540
88 , -804401363
88 , -511516354
88 , -1162729132
88 , -844770041
89 , -32584366
89 , -1808014128
89 , -1532968831
89 , -688160519
89 , 889801067
89 , 1469776920
89 , -1369091821
89 , 1456419576
89 , 702038326
89 , -1629670435
89 , 408004018
89 , 1928371452
89 , 1445746140
89 , -602599534
89 , 1248586351
89 , 591729394
89 , 1223245578
89 , 1030570276
89 , 883456248
89 , -1179200696
89 , 1677176853
89 , 1884525375
89 , 513587884
89 , 627072276
89 , -832626914
89 , -1542046656
89 , -414144485
89 , 44663994
89 , -873089163
89 , 1100321209
89 , 1478854540
89 , -787624147
89 , -511516354
89 , -1162729132
89 , -844770041
90 , -31535786
90 , -1808014128
90 , -1532968823
90 , -688160519
90 , 889801067
90 , 1469776920
90 , -1369157293
90 , 1456415480
90 , 702038326
90 , -1092799523
90 , 410101170
90 , 1928338684
90 , 1445746140
90 , -602599534
90 , 1248586351
90 , 591729394
90 , 1223245066
90 , 1030570276
90 , 883489528
90 , -1179200696
90 , 1677176853
90 , -262958273
90 , 513587884
90 , -1520411372
90 , -832626882
90 , -1542046656
90 , -414144481
90 , 44663994
90 , -873089163
90 , 1100861881
90 , 1478854540
90 , -787624147
90 , -511516354
90 , -1162729132
90 , -844770041
91 , -31535786
91 , -1808014128
91 , -1532968831
91 , -688160519
91 , 889801067
91 , 1469776920
91 , -1369157293
91 , 1456415484
91 , 702038326
91 , -1696779299
91 , 410101170
91 , 1928371388
91 , 1445746140
91 , -602599534
91 , 1248586351
91 , 591729394
91 , 1223245066
91 , 1030570276
91 , 883489016
91 , -1179200696
91 , 1677177109
91 , -262958273
91 , 513587884
91 , -1520411372
91 , -832626882
91 , -1542046656
91 , -414144485
91 , 44663994
91 , -873351307
91 , 1100845497
91 , 1478854540
91 , 1359859501
91 , -511516354
91 , -1162729132
91 , -844770041
92 , -811024190
92 , -1716049441
92 , -161213588
92 , 1190906436
92 , 763946018
92 , 275582124
92 , -1116353453
92 , 1691592237
92 , 1095972389
92 , 619673271
92 , 1699272029
92 , 709490461
92 , -273483678
92 , 58321040
92 , -1814183382
92 , 2059191797
92 , -1806956881
92 , -39055818
92 , -1579964588
92 , 183308331
92 , -1685968571
92 , -321106851
92 , 1703072952
92 , -1091666999
92 , -146647713
92 , -505401151
92 , 1528270801
92 , -1354952658
92 , 1126357722
92 , 860522463
92 , 1220822318
92 , -1777161346
92 , -1076125866
92 , 1739256536
92 , -1811787662
93 , -32715434
93 , -2076449584
93 , -1532985215
93 , -688160005
93 , 889801067
93 , 1469776920
93 , -1369157293
93 , 1456407288
93 , 702038326
93 , -1629670499
93 , 410101170
93 , 1928371452
93 , 1445746140
93 , -602599534
93 , 1248586351
93 , 591729394
93 , 1222197002
93 , 1030570276
93 , 883456248
93 , -1179200696
93 , 1677176853
93 , -262957249
93 , 513587884
93 , -1520411372
93 , -866181250
93 , -1537852352
93 , -414144485
93 , 581534906
93 , -873351307
93 , 1099796921
93 , 1478854604
93 , -1056059603
93 , -511516354
93 , -1162729132
93 , -844770041
94 , -31535786
94 , -1808014128
94 , -1532968831
94 , -688160519
94 , 889801067
94 , 1469776920
94 , -1369157293
94 , 1457464056
94 , 702038326
94 , -1629670435
94 , 410101170
94 , 1928371388
94 , 1445746140
94 , -602599534
94 , 1248586351
94 , 591729394
94 , 1223245578
94 , 1030570276
94 , 883489016
94 , -1179200696
94 , 1677177109
94 , -262958273
94 , 513587884
94 , -1520411372
94 , -832626882
94 , -1542046656
94 , -414177253
94 , 44663994
94 , -873089163
94 , 1100845497
94 , 1478854540
94 , 1359859501
94 , -511516354
94 , -1162729132
94 , -844770041
95 , -811024185
95 , -1716049441
95 , -161214100
95 , 1190906436
95 , 763946018
95 , 275582124
95 , -1133130669
95 , 1691592237
95 , 1094923813
95 , 619673239
95 , 1699272013
95 , 709490461
95 , -273483486
95 , 41543824
95 , -1822571990
95 , 2059191781
95 , -1806956881
95 , -39055818
95 , -1579964588
95 , 183308331
95 , -1685968571
95 , -321123107
95 , 1703072952
95 , -1091601463
95 , -146385569
95 , -505400639
95 , 1511493457
95 , -1354952658
95 , 1126357210
95 , 927631327
95 , 1220821294
95 , -1777161354
95 , -1076125866
95 , 1739240152
95 , -1811787662
96 , -31535786
96 , -1808014128
96 , -1532968831
96 , -688160519
96 , 889801067
96 , 1469776920
96 , -1369157293
96 , 1456415480
96 , 702038326
96 , -1629670435
96 , 410101170
96 , 1928371452
96 , 1445746140
96 , -602599534
96 , 1248586351
96 , 591729394
96 , 1223245066
96 , 1030570276
96 , 883489016
96 , -1179331768
96 , 1677176853
96 , -262958275
96 , 513587884
96 , -1520411372
96 , -832626882
96 , -1542046656
96 , -414144485
96 , 44663962
96 , -873089163
96 , 1100845497
96 , 1478854540
96 , -787624147
96 , -511516353
96 , -1162696364
96 , -844802809
97 , -32584362
97 , -1808014128
97 , -1532968831
97 , -688160519
97 , 889801067
97 , 1469776920
97 , -1369157293
97 , 1456415480
97 , 702038326
97 , -1629670435
97 , 410101170
97 , 1928371452
97 , 1445746140
97 , -602599534
97 , 1248586351
97 , 591729394
97 , 1223245066
97 , 1030570276
97 , 883489016
97 , -1179200696
97 , 1677176853
97 , -262958273
97 , 513587884
97 , -1520411372
97 , -832626882
97 , -1542046656
97 , -414144485
97 , 44663994
97 , -873154699
97 , 1100845497
97 , 1478854540
97 , -787624147
97 , -511516354
97 , -1162729132
97 , -844786425
98 , -811024186
98 , -1711855137
98 , -698084500
98 , 1190906436
98 , 763946018
98 , 275582124
98 , -1116353453
98 , 1691592237
98 , 1094923813
98 , 619673239
98 , 1699272013
98 , 709490461
98 , -273483742
98 , 24766608
98 , -1822571990
98 , 2059191781
98 , -1806956881
98 , -39055818
98 , -1580030124
98 , 183308331
98 , -1149097659
98 , -287552291
98 , 1703072952
98 , -1091666999
98 , -146385569
98 , -505400639
98 , 1511497681
98 , -1354952658
98 , 1126357210
98 , 860522463
98 , 1220822318
98 , -1777161346
98 , -1076125930
98 , 1739256536
98 , -1811787664
99 , -806829881
99 , -1716049441
99 , -161214100
99 , 1190906436
99 , 763946018
99 , 275582124
99 , -1116353453
99 , 1691592237
99 , 1094923813
99 , 619673239
99 , 1699272013
99 , 709490461
99 , -340592350
99 , 58321040
99 , -1822571990
99 , 2059191781
99 , -1806956881
99 , -39055818
99 , -1579964588
99 , 183308331
99 , -1685968571
99 , -321123107
99 , 1703072952
99 , -1091601463
99 , -146385569
99 , -505400639
99 , 1511493585
99 , -1354952658
99 , 1126357210
99 , 927631327
99 , 1220821294
99 , -1777163402
99 , -1076125866
99 , 1739240152
99 , -1811787662
100 , -811024186
100 , -1711855137
100 , -161197202
100 , 1207683652
100 , 763946018
100 , 275582124
100 , -1133130670
100 , 1691854381
100 , 1094923813
100 , 636450455
100 , 1700320620
100 , 709490525
100 , -273483742
100 , 1668933840
100 , -1822571990
100 , 2025637349
100 , -1807481169
100 , 2112622134
100 , -1579964592
100 , 149885995
100 , -1684919995
100 , -321106723
100 , 1703072952
100 , -1074889783
100 , -146385569
100 , 1642082497
100 , 1595379665
100 , -1354952658
100 , 1126357466
100 , 860522463
100 , 1220821038
100 , -1772967042
100 , -1076125866
100 , 1739256536
100 , -1778233230
101 , -32584362
101 , -734272304
101 , -1532968831
101 , -688160517
101 , 889801067
101 , 1469776920
101 , -1369157293
101 , 1456415480
101 , 702038326
101 , -1629670499
101 , 410101170
101 , 1928336636
101 , 1445746140
101 , -65728622
101 , 1248586351
101 , 591729394
101 , 1223245578
101 , 1030570276
101 , 883456252
101 , -1179200696
101 , 1677176853
101 , -262958273
101 , 513587884
101 , -1520411372
101 , -866181314
101 , -1542046656
101 , -414144485
101 , 44663994
101 , -1946830987
101 , 1100845497
101 , 1478854540
101 , -787624147
101 , -511516354
101 , 984754516
101 , -844770041
102 , -811024186
102 , -1711855137
102 , -698084484
102 , 1190906436
102 , 763946018
102 , 275582124
102 , -1116353453
102 , 1691592237
102 , 1094923813
102 , 619673239
102 , 1699272013
102 , 709490461
102 , -273483742
102 , 58322064
102 , -1822571990
102 , 2059191781
102 , -1806956881
102 , -39055818
102 , -1579964588
102 , 184356907
102 , -1149097659
102 , -321106723
102 , 1971508408
102 , -1091666999
102 , -146385537
102 , -505400639
102 , 1511493585
102 , -1354952658
102 , 1126357210
102 , 860521439
102 , 1220822318
102 , -1777161346
102 , -1076125866
102 , 1739256536
102 , -1811787662
103 , -32584366
103 , -1808014128
103 , -1264533343
103 , -688160519
103 , 889801067
103 , 1469776920
103 , -1369157293
103 , 1456419576
103 , 702038326
103 , -1629670435
103 , 408004018
103 , 1928371452
103 , 1445746140
103 , -602599534
103 , 1248586351
103 , 591729394
103 , 1223245578
103 , 1030570276
103 , 883456248
103 , -1179200680
103 , 1677176853
103 , 1884525375
103 , 513587884
103 , 627072276
103 , -832626914
103 , -1542046656
103 , -414144485
103 , 44663994
103 , -873089163
103 , 1100845561
103 , 1478854540
103 , -787624147
103 , -511516354
103 , -1162860204
103 , -844769913
104 , -32584366
104 , -1808014128
104 , -1532968831
104 , -688160519
104 , 889801067
104 , 1469776920
104 , -1369157293
104 , 1456420600
104 , 702038326
104 , -1629670435
104 , 408004018
104 , 1928371452
104 , 1445746140
104 , -602599534
104 , 1248586351
104 , 591729394
104 , 1223507722
104 , 1030570278
104 , 883456248
104 , -1179200704
104 , 1677176853
104 , 1884525375
104 , 513587876
104 , 627072276
104 , -832626914
104 , -1542046656
104 , -414144485
104 , 44663994
104 , -873089163
104 , 1100845497
104 , 1478854540
104 , -787624147
104 , -1048387266
104 , -1162729132
104 , -844770041
105 , -32584362
105 , -1808014128
105 , -1532968831
105 , -688160519
105 , 889801003
105 , 1469776920
105 , -1369149101
105 , 1456415480
105 , 701514038
105 , -1629670435
105 , 1483843506
105 , 1928371452
105 , 1445746140
105 , -602599534
105 , 1249634927
105 , 591729394
105 , 1223245578
105 , 1030570276
105 , 883456248
105 , -1179200760
105 , 1677176917
105 , -262958273
105 , 513587884
105 , -1520411372
105 , -832626882
105 , -1542046656
105 , -414144485
105 , 44663994
105 , -873089163
105 , 1100846009
105 , 1478854540
105 , -783429841
105 , -511516354
105 , -1162731180
105 , -844770041
106 , 398116145
106 , -1848104782
106 , -1702383208
106 , 85611141
106 , -1226215388
106 , 1401866525
106 , -235248744
106 , 1705235758
106 , -1955237423
106 , 710761085
106 , -2046062253
106 , -282342364
106 , 658106308
106 , -8706068
106 , 1631311215
106 , 1623308965
106 , -1093312035
106 , 1732819511
106 , 1863810528
106 , 1887809229
106 , 1699876502
106 , 761780798
106 , -2077044635
106 , -387096732
106 , -200333274
106 , -590882798
106 , -2039713302
106 , 1087891576
106 , 2126962343
106 , 375550699
106 , -702964207
106 , -805946725
106 , -1948755213
106 , -973702393
106 , -528361632
107 , -31535786
107 , -1808014128
107 , -1532968831
107 , -688160519
107 , 889801067
107 , 1469776920
107 , -1369157293
107 , 1456415480
107 , 702038326
107 , -1629670435
107 , 410101170
107 , 1928371452
107 , 1445746140
107 , -602599534
107 , 1248586351
107 , 591729394
107 , 1223245066
107 , 1030570276
107 , 883489016
107 , -1179200696
107 , 1677176853
107 , -262958273
107 , 513587884
107 , -1520411372
107 , -832626882
107 , -1542046656
107 , -414144485
107 , 44663994
107 , -872562827
107 , 1100845497
107 , 1478854540
107 , -788148435
107 , -511516354
107 , -1162729132
107 , -844770041
108 , -32584362
108 , -1808014128
108 , -1532968831
108 , -688160519
108 , 889801067
108 , 2006647832
108 , -1369157293
108 , 1456415480
108 , 700989750
108 , -1629670435
108 , 410101170
108 , 1928371448
108 , 1445746140
108 , -602599534
108 , 1248586351
108 , 591729394
108 , 1223180042
108 , 1030570276
108 , 883456248
108 , -1179200568
108 , 1677176853
108 , -262958273
108 , 513587884
108 , -1520411372
108 , -832626882
108 , -1542046656
108 , -414144485
108 , 44663994
108 , -873089163
108 , 1100845497
108 , 1478854540
108 , -787624147
108 , -511516354
108 , -1162737324
108 , -844770041
109 , -31535786
109 , -1808014128
109 , -1532968831
109 , -688160519
109 , 889801067
109 , 1469776920
109 , -1369157293
109 , 1456415480
109 , 702038326
109 , -1629670435
109 , 410101170
109 , 1928371388
109 , 1445746140
109 , -602599534
109 , 1248586351
109 , 591729394
109 , 1223245066
109 , 1030570276
109 , 883489016
109 , -1179200696
109 , 1677177109
109 , -262958273
109 , 513587884
109 , -1520411372
109 , -832626882
109 , -1542046656
109 , -412047333
109 , 44663994
109 , -873089163
109 , 1100845497
109 , 1478854540
109 , 1359859501
109 , -528293570
109 , -1162729132
109 , -844770297
110 , -32584362
110 , -1808014128
110 , -1532968831
110 , -688160005
110 , 889801067
110 , 1469776920
110 , -1369157293
110 , 1456415480
110 , 702038326
110 , -1629670435
110 , 410101170
110 , 1928371452
110 , 1445746140
110 , -598405230
110 , 175106671
110 , 591729394
110 , 1487486730
110 , 1030570276
110 , 883456248
110 , -1179200696
110 , 1677176853
110 , -262958273
110 , 512539308
110 , -1520349932
110 , -866181314
110 , -1542048704
110 , -414140389
110 , 44663994
110 , -1007306891
110 , 1100812729
110 , 1478854540
110 , -787624147
110 , -511516354
110 , -1162729132
110 , -844770041
111 , -811024186
111 , -1711855137
111 , -698084500
111 , 1190906436
111 , 763937827
111 , 275582124
111 , -1116353453
111 , 1691592205
111 , 1094923813
111 , 619673239
111 , 1699272013
111 , 709490461
111 , -273483742
111 , 58321040
111 , -1688354262
111 , 2059191781
111 , -1806956881
111 , -39055818
111 , -1579964556
111 , 183308347
111 , -1149097659
111 , -321106723
111 , 1703072952
111 , -1091666999
111 , -146385569
111 , -505400639
111 , 1511493585
111 , -1354952658
111 , 1126357210
111 , 860522463
111 , 1220822318
111 , -1777161346
111 , -1076125866
111 , 1739256536
111 , -1811787662
112 , 1336459478
112 , -1716049441
112 , -161213588
112 , 1207683652
112 , 755557410
112 , 275582124
112 , -1116353453
112 , 1691592237
112 , 1094923815
112 , -1511033193
112 , 1699272044
112 , 709490461
112 , -273483742
112 , 595191952
112 , -2091007446
112 , 2059195879
112 , -1806956881
112 , -39055817
112 , -1579964592
112 , 183309355
112 , -1684379387
112 , -321106723
112 , 1703072952
112 , -1140950067
112 , -146385825
112 , -1579142975
112 , 1528270801
112 , -1356001234
112 , 1126488282
112 , 860524511
112 , 1220821294
112 , -1844253826
112 , -1076125866
112 , 1739258584
112 , -1811787662
113 , -32584366
113 , -1808014128
113 , -1532968831
113 , -688160519
113 , 889801067
113 , 1469776920
113 , -1369157293
113 , 1456419576
113 , 702038326
113 , -1629670435
113 , 408004018
113 , 1928371452
113 , 1445746140
113 , -602599534
113 , 1248586351
113 , 591729394
113 , 1223245578
113 , 1030570276
113 , 883456248
113 , -1179200696
113 , 1677176917
113 , 1884525375
113 , 513587884
113 , 627072276
113 , -832626914
113 , -1542046656
113 , -414144485
113 , 44663994
113 , -873089164
113 , 1102942649
113 , 1478854540
113 , -787624147
113 , -511516354
113 , -1162729132
113 , -844770041
114 , -32584362
114 , -1808014128
114 , -1532968831
114 , -688160519
114 , 889801003
114 , 1469776920
114 , -1369149069
114 , 1456415480
114 , 701514038
114 , -1629670435
114 , 1483843506
114 , 1928371452
114 , 1445746140
114 , -602599534
114 , 1248586351
114 , 591729394
114 , 1223245578
114 , 1030570276
114 , 883456248
114 , -1179200696
114 , 1677176917
114 , -262958273
114 , 513587884
114 , -1520411372
114 , -832626882
114 , -1542046656
114 , -414177253
114 , 44663994
114 , -873089163
114 , 1100846009
114 , 1478854540
114 , -787624145
114 , -511516358
114 , -1162731180
114 , -844770041
115 , -31535786
115 , -1808014128
115 , -1532960639
115 , -755269383
115 , 889801067
115 , 1469776920
115 , -1369157293
115 , 1456415480
115 , 702038326
115 , -1629670435
115 , 410101170
115 , 1928371452
115 , 1445746140
115 , -602599534
115 , 1248586351
115 , 591729394
115 , 1223245066
115 , 1030570276
115 , 883489016
115 , -1179200696
115 , 1677176853
115 , -262958273
115 , 513587884
115 , -1520411372
115 , -832626882
115 , -1542046656
115 , -414144485
115 , 44663994
115 , -873089163
115 , 1100845497
115 , 1478854540
115 , -787624147
115 , -511516354
115 , -1162729388
115 , -844770041
116 , 1336459478
116 , -1716049441
116 , -161213588
116 , 1207683652
116 , 755557410
116 , 275582124
116 , -1116353453
116 , 1691592237
116 , 1094923815
116 , 636450455
116 , 1700320620
116 , 709490461
116 , -273483230
116 , 595191952
116 , -1822571990
116 , 2059191783
116 , -1806948689
116 , 2108427814
116 , -1579972784
116 , 183309355
116 , -1684920059
116 , -321106723
116 , 1703072952
116 , -75596851
116 , -146385825
116 , -1579142975
116 , 1528270801
116 , -1356001234
116 , 1260574938
116 , 860522463
116 , 1220821294
116 , -1844253826
116 , -1076125866
116 , 1739258584
116 , -1811787662
117 , -811024186
117 , -1716051489
117 , -161197204
117 , 1207683652
117 , 763946018
117 , 275582092
117 , -1116353454
117 , 1691854381
117 , 1094923813
117 , 636450455
117 , 1699272044
117 , 709490525
117 , -273483742
117 , 595191936
117 , -1822571990
117 , 2059191621
117 , -1874000209
117 , 2108427830
117 , -1579964592
117 , 183309347
117 , -1684919995
117 , -321106723
117 , 1703072952
117 , -1074889783
117 , -146516129
117 , -505400639
117 , 1528205265
117 , -1354952658
117 , 1134746074
117 , 860522463
117 , 1220821294
117 , -1772967042
117 , -1076191402
117 , 1739256536
117 , -1811787662
118 , -32584362
118 , -1808014128
118 , -1532968831
118 , -688160519
118 , 889801067
118 , 1469776920
118 , -1436257965
118 , 1456415352
118 , 702038326
118 , -1629654051
118 , 410101682
118 , 1928371452
118 , 1445746141
118 , -736817262
118 , 1248585839
118 , 591729394
118 , 1223245578
118 , 1030570276
118 , 883456252
118 , -1179200696
118 , 1677176853
118 , -262957249
118 , 513587884
118 , -1520411372
118 , -832626882
118 , -1542046656
118 , -414144485
118 , 44139706
118 , -873089163
118 , 1100845497
118 , 1478854540
118 , -787624145
118 , -511516354
118 , -1162729132
118 , -844770041
119 , 1336459462
119 , -1717098017
119 , -161213588
119 , 1207683780
119 , 763946018
119 , 275582124
119 , -1116353453
119 , 1691592237
119 , 1094923813
119 , 632256151
119 , 1699272036
119 , 709424925
119 , -273483742
119 , 595191952
119 , -2091007446
119 , 2059191783
119 , -1806825809
119 , -39055818
119 , -1579964592
119 , 181212203
119 , -1684919993
119 , -1394848547
119 , 1703073016
119 , 1004436425
119 , -146385825
119 , -505401151
119 , 1394053073
119 , -1371729874
119 , 1126357082
119 , 860522495
119 , 1287930158
119 , -1844270210
119 , -2384042
119 , 1739256024
119 , -1810739086
120 , -32584362
120 , -1808014128
120 , -1532968831
120 , -688160069
120 , 889801067
120 , 1469776920
120 , -1369157293
120 , 1456415480
120 , 702038838
120 , -1629670435
120 , 410101170
120 , 1928371452
120 , 1445746140
120 , -602599534
120 , 174844527
120 , 591729394
120 , 1487486730
120 , 1030570276
120 , 883456248
120 , -1179200696
120 , 1677176853
120 , -262958273
120 , 513587884
120 , -1520345836
120 , -866181314
120 , -1542047680
120 , -414140389
120 , 44663994
120 , -1007306891
120 , 1100845497
120 , 1478854540
120 , -787624147
120 , -511516354
120 , -1162729132
120 , -844770041
121 , -811024186
121 , -1716049441
121 , -161180820
121 , 1190906436
121 , 763946018
121 , 275582124
121 , -1116353453
121 , 1691592237
121 , 1094923813
121 , 619673239
121 , 1699272029
121 , 709621533
121 , -273483742
121 , 58321040
121 , -1814052310
121 , 2059191781
121 , -1806956881
121 , -1112797642
121 , -1579964588
121 , 183308331
121 , -1685968571
121 , -321106723
121 , 1703072952
121 , -1091666999
121 , -146385569
121 , -505400639
121 , 1511493585
121 , -281210834
121 , 1126357722
121 , 860522463
121 , 1220822062
121 , -1768772738
121 , -1076125834
121 , 1202385624
121 , -1811787662
122 , -32584366
122 , -1808014128
122 , -1532968831
122 , -688160519
122 , 889801067
122 , 1469776920
122 , -1369157293
122 , 1456419576
122 , 702038326
122 , -1629670435
122 , 408004018
122 , 1928371452
122 , 1445746140
122 , -602599534
122 , 1248586351
122 , 574952178
122 , 1223245578
122 , 1030570276
122 , 883456248
122 , -1179200696
122 , 1677176853
122 , 1884525375
122 , 513587884
122 , 627072276
122 , -832626914
122 , -1543095232
122 , -418338789
122 , 44663994
122 , -873089163
122 , 1100845497
122 , 1478854540
122 , -787624147
122 , -511516354
122 , -1162729132
122 , -844770041
123 , -31535786
123 , -1808014128
123 , -1532968831
123 , -688160519
123 , 889801067
123 , 1469776920
123 , -1503375021
123 , 1456415480
123 , 702038326
123 , -1629670435
123 , 410101170
123 , 1928371452
123 , 1445746140
123 , -602075246
123 , 1248586351
123 , 591729394
123 , 1223245066
123 , 1030570276
123 , 883489016
123 , -1179331768
123 , 1677176853
123 , -128740545
123 , 513587884
123 , -1520411372
123 , -832626882
123 , -1542046656
123 , -414144485
123 , 44663994
123 , -873089163
123 , 1100845497
123 , 1478854540
123 , -787624147
123 , -511516353
123 , -1162696364
123 , -844770041
124 , -32584362
124 , -1808014128
124 , -1532968831
124 , -688160005
124 , 889801067
124 , 1469776920
124 , -1369157293
124 , 1456415480
124 , 702038326
124 , -1629670435
124 , 410101170
124 , 1928371452
124 , 1445745116
124 , -598405230
124 , 174844527
124 , 591729394
124 , 1487486730
124 , 1030570276
124 , 883456248
124 , -1179200696
124 , 1677176853
124 , -262958273
124 , 512539308
124 , -1520313068
124 , -866181314
124 , -1542048704
124 , -414140389
124 , 44663994
124 , -1007306891
124 , 1100845497
124 , 1478854540
124 , -787624147
124 , -1585258178
124 , -1162729132
124 , -844770041
125 , -809975610
125 , -1716049441
125 , -160689300
125 , 1174129220
125 , 763946274
125 , 275590316
125 , -1116222381
125 , 1691592237
125 , 1094923813
125 , 670004887
125 , 1699272044
125 , 709490525
125 , -273483742
125 , 595191952
125 , -1822571990
125 , 2059191653
125 , -1803286865
125 , -39055690
125 , -1579964588
125 , 183309359
125 , -1684919995
125 , -321108771
125 , 1703072920
125 , -1074889783
125 , -146385569
125 , -505401151
125 , 1528270801
125 , -1354952658
125 , 1126357210
125 , 860522463
125 , 1220821294
125 , -2045596802
125 , -1076125866
125 , 1739256536
125 , -1811787662
126 , -32584362
126 , -1808014128
126 , -1532968831
126 , -688160519
126 , 889801067
126 , 1469776920
126 , -1369157293
126 , 1456415480
126 , 702038326
126 , -1629670435
126 , 410101170
126 , 1928371448
126 , 1445746140
126 , -602599534
126 , 1248586351
126 , 591729394
126 , 1760116490
126 , 1030570276
126 , 883456248
126 , -1179200568
126 , 1677176853
126 , -262958273
126 , 513587884
126 , -1520411372
126 , -832626882
126 , -1542046656
126 , -414144485
126 , 44663994
126 , -873090187
126 , 1100845497
126 , 1478854540
126 , -787624147
126 , -511516354
126 , -1162475180
126 , -844770041
127 , -811024186
127 , -1716051489
127 , -161197204
127 , 1207683652
127 , 763946018
127 , 275582092
127 , -1116353453
127 , 1691854381
127 , 1094923813
127 , 636450455
127 , 1699272044
127 , 709490525
127 , -290195422
127 , 595191936
127 , -1822571990
127 , 2057094469
127 , -1806891345
127 , 2108427830
127 , -1579964592
127 , 183309347
127 , -1684919995
127 , -321106723
127 , 1703072952
127 , -1074914359
127 , -146516641
127 , -505401279
127 , 1528205265
127 , -1354952594
127 , 1126357466
127 , 860522463
127 , 1220821294
127 , -1772967042
127 , -1076125866
127 , 1739256536
127 , -1802874766
128 , 398116145
128 , -1848104782
128 , -1702383208
128 , 85611141
128 , -1226215388
128 , 1401866527
128 , -235246696
128 , 1705235758
128 , -1955237423
128 , 710761053
128 , -2041867949
128 , -282342364
128 , 658106308
128 , -8706068
128 , 1631311215
128 , 1623308973
128 , -1093312163
128 , 1732950583
128 , 1863810528
128 , 1891733197
128 , 1699876502
128 , 627563070
128 , -2077044635
128 , -387096732
128 , -200333274
128 , -590882790
128 , -2039713302
128 , 1087891576
128 , 2126962343
128 , 375550699
128 , -702964207
128 , -805946725
128 , -1949279501
128 , -973702393
128 , -1602103968
129 , -811024186
129 , -1716313633
129 , -161201298
129 , 1207683652
129 , 763946018
129 , 275582124
129 , -1133130669
129 , 1691854381
129 , 1094956709
129 , 636450455
129 , 1699272044
129 , 709490525
129 , -273483742
129 , 590997648
129 , -1822571990
129 , 2059191780
129 , -1806956881
129 , 2108427830
129 , -1579964592
129 , 183309355
129 , -1684919995
129 , -321106723
129 , 1703597240
129 , -1074889847
129 , -146377377
129 , -505401151
129 , 1528270801
129 , -1354952658
129 , 1126357466
129 , 860526431
129 , 1220821294
129 , -1772965890
129 , -1344561322
129 , 1739256536
129 , -1807593358
130 , -811024186
130 , -1711855137
130 , -161197202
130 , 1206635076
130 , 763946018
130 , 275582124
130 , -1133130669
130 , 1691854381
130 , 1363359269
130 , 636450455
130 , 1699272044
130 , 709490525
130 , -273483742
130 , 590997648
130 , -1822440918
130 , 2059191781
130 , -1806956881
130 , 2109476406
130 , -1579964592
130 , 183311403
130 , -1684919995
130 , -321106727
130 , 1703072952
130 , -1140949047
130 , -146385569
130 , -505401151
130 , 1595379665
130 , -1354952658
130 , 1126357466
130 , 859998175
130 , 1220821038
130 , -699225282
130 , -1076125866
130 , 1739256536
130 , -1811787662
131 , -32584362
131 , -1808014128
131 , -1532968831
131 , -688160519
131 , 889801067
131 , 1469776920
131 , -1436257965
131 , 1456414968
131 , 702038326
131 , -1629654055
131 , 410101682
131 , 1928371452
131 , 1445746141
131 , -602599534
131 , 1248585839
131 , 591729394
131 , 1223245578
131 , 1030570292
131 , 883456248
131 , -1179200696
131 , 1677176853
131 , -262957249
131 , 513587884
131 , -1520411372
131 , -832626882
131 , -1542046656
131 , -414144485
131 , 44139706
131 , -873089163
131 , 1100845497
131 , 1478854540
131 , -787624145
131 , -511516354
131 , -1162729132
131 , -844770041
132 , -811022137
132 , -1716049441
132 , -161214100
132 , 1190906436
132 , 763946018
132 , 275582124
132 , -1116353453
132 , 1691592237
132 , 1094923813
132 , 619673239
132 , 1699272013
132 , 709490461
132 , -273483486
132 , 58321040
132 , -1822571990
132 , 2059191781
132 , -1806956881
132 , -1112798666
132 , -1579964588
132 , 183308331
132 , -1685968571
132 , -321123107
132 , 1703072952
132 , -1091601463
132 , -146385569
132 , -505400639
132 , 1511493585
132 , -1354952658
132 , 1126357210
132 , 927631327
132 , 1220821294
132 , -1777161354
132 , -1076125866
132 , 1739240152
132 , -1811787662
133 , 1202241734
133 , -1716049441
133 , -161213588
133 , 1207683652
133 , 759751714
133 , 275582124
133 , -1116353454
133 , 1725146669
133 , 21181988
133 , 636450455
133 , -448735892
133 , 709490461
133 , -273482718
133 , 595191952
133 , -1822572502
133 , 2059191783
133 , -1806952785
133 , -39055818
133 , -1580095664
133 , 183309611
133 , -611178171
133 , -321106723
133 , 1703072952
133 , -1677820983
133 , -146353057
133 , -1579142975
133 , 1528270801
133 , -1356001234
133 , 1126355162
133 , 860522463
133 , 1220821294
133 , -1844270210
133 , -1076125866
133 , 665514712
133 , -1811787662
134 , 398116145
134 , -1848104526
134 , -1702383336
134 , 85611141
134 , -1226215388
134 , 1401866527
134 , -235246696
134 , 1705235758
134 , -1955237423
134 , 710761053
134 , -2046062253
134 , -282342364
134 , 658106308
134 , -8706068
134 , 1631311215
134 , 1623308973
134 , -1093312163
134 , 1732950583
134 , 1863810528
134 , 1891733197
134 , 1699876502
134 , 761780798
134 , -2077044635
134 , -387096732
134 , -200333274
134 , -590882790
134 , -2039713302
134 , 1087891576
134 , 2126962343
134 , 375550699
134 , -702964207
134 , -805946725
134 , -1948755213
134 , -973702393
134 , -1601972896
135 , -32584362
135 , -1808014128
135 , -1532968831
135 , -688160519
135 , 889801003
135 , 1469776920
135 , -1369149101
135 , 1456415480
135 , 701514038
135 , -1629670435
135 , 1483835314
135 , 1928371452
135 , 1445746140
135 , -602599534
135 , 1248586351
135 , 591729394
135 , 1223245578
135 , 1030570276
135 , 883456248
135 , -1179200696
135 , 1677176917
135 , -262958273
135 , 513587884
135 , -1520411372
135 , -832626818
135 , -1542046656
135 , -414144485
135 , 44663994
135 , -873089163
135 , 1167954873
135 , 1478854540
135 , -787624145
135 , -511516354
135 , -1162731180
135 , -844770041
136 , -811024186
136 , -1718146609
136 , -161197202
136 , 1207683652
136 , 763946018
136 , 275597484
136 , -1099576237
136 , 1691854381
136 , 1094923813
136 , 636450455
136 , 1699272044
136 , 709474141
136 , -273483742
136 , 590997648
136 , -1822571990
136 , 2059191781
136 , -733215057
136 , 2108427830
136 , -1579964592
136 , 183309355
136 , -1617811131
136 , -304263971
136 , 1736627384
136 , -1147959
136 , -146385569
136 , -505401151
136 , 1528270801
136 , -1354952658
136 , 1126357466
136 , 860522335
136 , 1220821294
136 , -1772967042
136 , -1344561322
136 , 1739256536
136 , -1807593358
137 , -32584366
137 , -1808014128
137 , -1532968831
137 , -688160519
137 , 889801067
137 , 1469776920
137 , -1369157293
137 , 1456419576
137 , 702038326
137 , -1612893219
137 , 408004018
137 , 1928371452
137 , 1378637276
137 , -602599534
137 , 1248586351
137 , 591729394
137 , 1223245578
137 , 1030570276
137 , 883456248
137 , -1179200704
137 , 1677176853
137 , 1884525375
137 , 513587876
137 , 627072276
137 , -832626914
137 , 605436992
137 , -414144485
137 , 44663994
137 , -873089163
137 , 1100845497
137 , 1478854540
137 , -787624147
137 , -1048387266
137 , -1162729132
137 , -844770041
138 , -32584362
138 , -1808014124
138 , -1532968831
138 , 1459323129
138 , 889801003
138 , 1469776920
138 , -1369149101
138 , 1456415482
138 , 701514038
138 , -1629670435
138 , 1483843506
138 , 1928371452
138 , 1445746140
138 , -602599534
138 , 1248586351
138 , 591729394
138 , 1223245578
138 , 1030570276
138 , 883456248
138 , -1179200696
138 , 1677176917
138 , -262958273
138 , 513587884
138 , -1520411372
138 , -832626882
138 , -1542046656
138 , -414144485
138 , 44663994
138 , -873089163
138 , 1100846009
138 , 1478854540
138 , -787624145
138 , -511516354
138 , -1162731180
138 , -844770041
139 , -811024190
139 , -1716049441
139 , -161213588
139 , 1190906436
139 , 763946018
139 , 275582124
139 , -1116353453
139 , 1691592237
139 , 1094923829
139 , 619673271
139 , 1699272029
139 , 709490461
139 , -273483678
139 , 58321040
139 , -1814183382
139 , 2059191797
139 , -1806956881
139 , -39055818
139 , -1579964588
139 , 183308331
139 , -1685968571
139 , -857977635
139 , 1703072954
139 , -1091666999
139 , -146647713
139 , -505401151
139 , 1511493585
139 , -1354952658
139 , 1126357722
139 , 860522463
139 , 1220822318
139 , -1777161346
139 , -1076125866
139 , 1739256536
139 , -1811787662
140 , -32584366
140 , -1808014128
140 , -1532968831
140 , -688160519
140 , 889801067
140 , 1469776920
140 , -1369157293
140 , 1456419576
140 , 702038326
140 , -1629670435
140 , 408004018
140 , 1928371452
140 , 1445746140
140 , -669708398
140 , 1248586351
140 , 591729394
140 , 1223261962
140 , 1030570276
140 , 883456248
140 , -1179200696
140 , 1677176853
140 , 1884525375
140 , 513587884
140 , 627072276
140 , -832626914
140 , -1537852352
140 , -414144485
140 , 44663994
140 , -873089163
140 , 1100845497
140 , 1478854540
140 , -787624147
140 , -511516354
140 , -1162729132
140 , -844770041
141 , -809975614
141 , -1716049441
141 , -160689300
141 , 1174129220
141 , 763946018
141 , 275582092
141 , -1116353453
141 , 1691592237
141 , 1094923813
141 , 636450455
141 , 1699272044
141 , 709490461
141 , -340592606
141 , 595191952
141 , -1822571990
141 , 2059191781
141 , -1811675473
141 , -39055690
141 , -1579964588
141 , 183309375
141 , -1684919999
141 , -321106723
141 , 1703040152
141 , -1074889783
141 , -146385569
141 , -504356671
141 , 1528270801
141 , -1354952658
141 , 1126357210
141 , 860522463
141 , 1237598510
141 , -1777161346
141 , -1076125866
141 , 1739256536
141 , -1811787662
142 , -33108650
142 , -1808014128
142 , -1532968831
142 , -688160005
142 , 889801067
142 , 1469776920
142 , -1369173673
142 , 1456415480
142 , 702038326
142 , -1629670435
142 , 410101170
142 , 1928371452
142 , 1445221852
142 , -602599534
142 , 174842479
142 , 591729394
142 , 1487486762
142 , 1030570276
142 , 883456248
142 , -1179200696
142 , 1677176853
142 , -262991041
142 , 513587884
142 , -1520345836
142 , -866181314
142 , -1542046656
142 , -414140389
142 , 44663994
142 , -1007306891
142 , 1100845497
142 , 1478854540
142 , -787624147
142 , -511515846
142 , -1162729132
142 , -844770041
143 , -32584362
143 , -1808014128
143 , -1532968831
143 , -688160005
143 , 889801067
143 , 1469776920
143 , -1369157293
143 , 1456415480
143 , 702046518
143 , -1629670435
143 , 410101170
143 , 1928371452
143 , 1445746140
143 , -598407278
143 , 174844527
143 , 591729394
143 , 1487486730
143 , 1030570276
143 , 883456248
143 , -1179200696
143 , 1677176853
143 , -262958273
143 , 512539308
143 , -1520345836
143 , -866181314
143 , -1542048704
143 , -414140389
143 , 44663994
143 , -1007306891
143 , 1100845497
143 , 1478854540
143 , -787624147
143 , -519904962
143 , -1162729132
143 , -844770041
144 , -811024186
144 , -1711855137
144 , -161197202
144 , 1207683652
144 , 763946018
144 , 811928748
144 , -1133130413
144 , 1691854397
144 , 1094923813
144 , 636450455
144 , 1967709548
144 , 709490525
144 , -273483742
144 , 590997648
144 , -1822571926
144 , 2059191781
144 , -1806956881
144 , 2108427830
144 , -1579964592
144 , 183309355
144 , -1684919995
144 , -321106723
144 , 1703072952
144 , -1073841207
144 , -146385569
144 , -505401151
144 , 1595379665
144 , -1354952658
144 , 1126357466
144 , 859998175
144 , 1220821038
144 , -699225218
144 , -1074028714
144 , 1739256536
144 , -1811785614
145 , -811024186
145 , -1716051489
145 , -161197204
145 , 1207552580
145 , 763946018
145 , 275582092
145 , -1116353454
145 , 1691854381
145 , 1094923813
145 , 636450455
145 , 1699272044
145 , 709490525
145 , -273483742
145 , 595191936
145 , -1822571990
145 , 2059191621
145 , -1806891345
145 , 2108427830
145 , -1579964592
145 , 183309347
145 , -1684919995
145 , -321106723
145 , 1703072952
145 , -1074889783
145 , -146516129
145 , -1042271551
145 , 1528205265
145 , -1354952658
145 , 1126357466
145 , 860522463
145 , 1220821294
145 , -1806521474
145 , -1076125866
145 , 1739256536
145 , -1811787662
146 , -811024186
146 , -1711855137
146 , -161197202
146 , 1207683652
146 , 763946018
146 , 275582124
146 , -1133130670
146 , 1691854381
146 , 1094792741
146 , 636450455
146 , 1699272044
146 , 709490525
146 , -273483742
146 , 590997648
146 , -1822571990
146 , 2025637349
146 , -1807481169
146 , 2108427958
146 , -1579964592
146 , 183309355
146 , -1617811131
146 , -321106723
146 , 1703072952
146 , -1074889783
146 , -146385569
146 , 1642082497
146 , 1595248593
146 , -1354952658
146 , 1126357466
146 , 860522463
146 , 1220821038
146 , -1772967042
146 , -1076125930
146 , 1739256536
146 , -1811787662
147 , 1336459478
147 , -1716049441
147 , -161213588
147 , 1207683652
147 , 755557410
147 , 275582124
147 , -1116353453
147 , 1691592237
147 , 1094923815
147 , -1511033193
147 , 1699239276
147 , 709490461
147 , -273483742
147 , 595191952
147 , -1822571990
147 , 2059191783
147 , -1806956881
147 , -39055818
147 , -1579964592
147 , 183309355
147 , -1684920059
147 , -321106723
147 , 1703072952
147 , -1140950067
147 , -146385825
147 , -1579142975
147 , 1528270801
147 , -1356001234
147 , 1126488282
147 , 860522463
147 , 1220821294
147 , -770512002
147 , -1076125866
147 , 1202387672
147 , -1811787662
148 , -32584362
148 , -734272304
148 , -1532968831
148 , -688160645
148 , 889801067
148 , 1469776920
148 , -1369157293
148 , 1456415480
148 , 702038326
148 , -1629670499
148 , 410101170
148 , 1928369404
148 , 1445746140
148 , -602599534
148 , 1248586351
148 , 591729394
148 , 1223245578
148 , 1030570276
148 , 883456252
148 , -1313418424
148 , 1677176853
148 , -262958273
148 , 513587884
148 , -446669548
148 , -866181314
148 , -1542046656
148 , -414144485
148 , 44663994
148 , -873089163
148 , 1100845497
148 , 1478854540
148 , -787624147
148 , -511516354
148 , 984754516
148 , -844770041
149 , -31535786
149 , -1808014128
149 , -1532968959
149 , -688160519
149 , 889801067
149 , 1469776920
149 , -1369157293
149 , 1456415480
149 , 702038326
149 , -1629670435
149 , 410101170
149 , 1928371452
149 , 1445746140
149 , -602599534
149 , 1248586351
149 , 591729394
149 , 1223245066
149 , 1030570276
149 , 883489016
149 , -1179200696
149 , 1677176853
149 , -262958273
149 , 513587884
149 , -1520411372
149 , -832626882
149 , -1542046656
149 , -414144485
149 , 44663994
149 , -872564875
149 , 1100845497
149 , 1478854540
149 , -787624147
149 , -477961922
149 , -1162729132
149 , -844770041

